# detid drdz xy-slope
438572078 2.47518615225 1.44874914066
438572070 2.47522130937 0.524840182277
438572074 2.47522502147 0.885917510654
439887898 1.73204534692 -0.839099849062
439887894 1.73205749592 -1.19175278108
439887890 1.73208647864 -1.73205111678
437786654 1.73207247407 0.839100733384
437786650 1.73204677851 0.363969954917
437786658 1.73202129724 1.73205116015
438834182 1.42828221383 -8.23574662285
438834186 1.42813484804 -2.63680476638
438834238 1.42819117155 -2.63678842457
438833182 1.4281273131 2.10675754429e-15
438833186 1.42815399782 0.246475164641
438841446 2.47327831507 2.63678719522
438841442 2.47328911303 1.4487434898
437791778 3.07961467437 1.73205050571
437791770 3.07962644453 0.363970254028
437791774 3.07707608197 0.839099150286
437783626 1.07234000384 5.67128968696
437783622 1.07233601883 1.73205125334
439879798 0.965650159735 0.176327157489
439622710 0.965657381315 0.577349978692
439622714 0.965682099869 0.839100806248
439622718 0.965642610379 1.1917546866
439883870 0.965684459187 -1.19175492059
439883874 0.965652239229 -0.839100270079
439883878 0.965653432429 -0.57734983865
438835286 1.42815152661 0.246477406878
438835282 1.42816272178 -1.57812606888e-05
439882834 0.965666684456 -5.67127999162
439882830 0.965651558074 123456789
439882838 0.965731572013 -2.7474824692
439884882 1.7319738133 -5.67127992283
439884886 1.73194326765 -2.74747043342
438841354 2.47330987082 -2.6368057441
438576206 1.42814501434 -0.246477559127
438576202 1.42813471292 -0.524843375845
438577158 0.839240602046 -8.23577814785
438836242 1.42815660101 -0.885927124455
438836246 1.42816026722 -0.524840699104
438834230 1.42831463364 8.23578114914
438834234 1.42809047318 -8.23592041591
438569002 2.47325725619 0.88591742371
438569006 2.47332914224 1.44875190893
438567998 2.47325334418 -2.63678263414
439616542 1.73165361485 -0.577350673494
439616546 1.73159193301 -0.363968438782
439880766 0.965661016248 1.19175414385
439880762 0.965645186158 0.839098869408
439619602 1.73208103193 -1.73205025211
439619606 1.7320721744 -1.19175461825
439621762 1.73200718137 0.839098591888
439621766 1.73202849035 1.19175221067
439888958 1.73165257516 1.191753321
439626818 0.965645186429 1.73205086086
439626810 0.965646910325 0.839098689109
439626814 0.965593707579 1.19175013847
439884922 1.73205121796 0.363970053912
439884926 1.73208598363 0.577350070085
439617590 1.73164791887 0.577350348568
439617594 1.73162138836 0.839099575978
439617598 1.73155810285 1.19175249243
438833218 1.42817205983 -1.44875937832
438833214 1.42814496234 -2.63678156052
438833210 1.42829885475 -8.23598678863
437523482 3.07751156634 0.363970346652
437523486 3.07749707053 0.839099857559
437781570 1.07235293067 0.839099541472
437781574 1.07232994312 1.73205067037
438841370 2.47325478674 -0.246480653604
438841374 2.47327293318 7.11580102449e-17
438567982 2.47327655615 1.44875120062
438830126 0.839099574097 1.44874916703
438830122 0.839124165342 0.885918255512
439623814 0.965658730119 1.19175354271
437528598 1.07239790837 7.50505608072e-16
438573146 1.42814244409 0.52483638004
438573142 1.42814531782 0.246477026852
439879718 0.96565118403 -0.17632708729
439879714 0.965655143405 -0.363970405756
439879710 0.965650552065 -0.577350289038
438839326 2.47523518078 8.67590424163e-16
438839322 2.4752248614 -0.246480704517
439623746 0.96564941492 1.7320500461
439623742 0.96563299636 1.19175191975
438578210 0.839117143161 0.246474840378
438578214 0.839117950745 0.524840295511
439624714 0.965724778259 -5.6712803575
439624710 0.965651558074 123456789
439624718 0.96561017065 -2.74747604131
437522470 3.07756620993 5.67127721583
437522474 3.07756131502 -5.67128622162
437522478 3.0775078091 -1.73205054853
437528610 1.0723850081 1.73204980757
437528614 1.07235108453 5.67128070567
437528618 1.07237661381 -5.67130538873
439619594 1.7322649709 -5.67129563566
439619590 1.73202003906 123456789
439886898 1.73206946202 0.363970632842
439886890 1.73202003906 -7.52660496117e-16
439886894 1.73205656202 0.176327048382
437526574 1.73209040833 -1.73205055138
437526570 1.73209310206 -5.67128798987
437526578 1.73204227045 -0.839099063604
438572138 2.47544419319 8.23557192183
438572134 2.47514351102 2.63677983653
438572130 2.47523898256 1.44874284702
438575138 1.42815098514 0.246474874943
438575134 1.4281273131 -8.12756664579e-16
438575130 1.42814667034 -0.246481048509
439879702 0.965628144755 -1.19175279978
438578222 0.839137234837 1.44874977736
438578226 0.839134265611 2.63676693224
439888994 1.73160944092 -0.839099224631
438840338 2.47326700501 -0.885928296988
438840334 2.47326104132 -1.44875027826
438840330 2.4732210178 -2.63680124304
439881734 0.965651558074 123456789
439881738 0.965729282486 -5.67130103205
438568978 2.47327556164 -0.885927851835
438568974 2.4732659511 -1.4487505928
438568970 2.47319021886 -2.63680152862
438836326 1.42818223047 2.63678455358
438836322 1.42814602862 1.44874207966
438832166 0.839121248958 0.52484145792
438832162 0.839116840881 0.246474542591
439886914 1.73209565801 1.73205058589
439886918 1.73200224716 2.74748091058
439620754 1.73199408582 5.67128459891
439620750 1.73207208174 2.74747871901
439879794 0.965651558074 -6.49692762568e-16
439879790 0.965650987759 -0.176326478473
437785606 1.73200414513 -5.67126988132
438576174 1.42817470267 1.44875102323
438576170 1.42816358694 0.885918827171
438576178 1.42818262167 2.63676150227
438577222 0.839109704902 -0.885921669371
438577226 0.839127380062 -0.524844245254
439622666 0.965622966921 -5.67128536299
439622662 0.965651558074 123456789
439627798 0.96567164436 -1.19175374342
438574142 1.4281301907 -2.63678074228
438574146 1.4281660933 -1.44875898702
439881806 0.965651558074 123456789
439881802 0.965853354293 5.67129011464
439621646 1.73198009228 -2.74747408806
439621642 1.73195807789 -5.67127716215
437790754 3.07751746863 1.73205164689
437790750 3.07750150679 0.839099647776
439885918 1.73208380704 -1.19175388407
439885914 1.73208289841 -1.73205050933
439885910 1.73203287579 -2.74747262496
438837286 2.4752115348 0.52483989018
438837282 2.47522574592 0.246475212747
439889026 1.73160464418 0.839099626748
439889022 1.73165266137 0.577350576833
438833158 1.42819808237 -8.23575740967
437527614 1.73204858967 0.363969767815
437527610 1.73202003906 -2.54030517297e-16
437527618 1.73206343462 0.839100725007
439889974 1.73164720064 0.577350235194
439889970 1.73161808207 0.363969939005
439889978 1.73160433274 0.839100405728
438570002 2.47522469804 -0.885927534152
438570006 2.47521707454 -0.524840261094
439627886 0.96565063862 -0.176327504873
439625794 0.965616919905 1.73204940423
439878742 0.965543468119 -2.74747126474
439878746 0.965674356479 -1.73205076502
439626794 0.965651558074 -3.0995998722e-16
439626790 0.96564829634 -0.176326672268
439626798 0.965644886012 0.176326537484
439618646 1.73210535284 -2.74748595882
439618642 1.73209318032 -5.67129515464
439624798 0.96564822132 -1.19175400119
439624794 0.965655315991 -1.73205062838
439624790 0.965607978845 -2.74747301688
438831158 0.839150648606 8.23572110948
438831154 0.839144201632 2.63676354514
438831150 0.839118385399 1.44874916512
439623750 0.965652885538 2.74747383721
439888990 1.7316098342 -1.1917531705
438835274 1.42815478338 -0.52484365342
439885898 1.73212186937 5.67128870656
439885890 1.7320984676 1.73205040468
439885894 1.73213950098 2.74748235108
438838354 2.47523518078 -5.97236087192e-16
438838350 2.47521714842 -0.246477563078
437528590 1.07235406413 -0.839099665963
438836290 1.42817668192 -1.4487585547
438836294 1.42814425753 -0.885922380952
438836298 1.42814301219 -0.524843228028
438831210 0.839118326728 8.23553731912
437520442 3.07973604619 -2.04590803183e-16
437520446 3.07708557897 0.363970132328
437521422 3.07752021325 -0.839099967561
437521426 3.07750444398 -0.363969781448
437789770 3.07749821659 5.67127884078
439618566 1.73202003906 123456789
439617626 1.73166766723 -1.73205233749
439617622 1.73166942816 -2.74747555179
439886994 1.73237976877 5.67127654361
439886990 1.73208365027 2.74747927026
438579294 0.839116533379 0.885922216043
438579298 0.839103077338 1.44874041853
439883906 0.965693901899 0.839101939131
439883902 0.965663234284 0.577350121332
437524550 1.73211077286 1.73205124225
437524554 1.7320345942 5.6712695144
438834202 1.42815387531 -0.246480975597
437527562 1.73208229354 -1.73205030048
437527566 1.73204453443 -0.839099372716
438832202 0.839128981942 -0.524844658821
438832206 0.839119602992 -0.246478227787
438570082 2.47522027383 1.44874077402
438570086 2.47519657176 2.63678107488
438835234 1.42815160777 0.24647504543
439878802 0.965779459087 5.67129125703
437788718 3.07751822291 -1.73205145211
437788714 3.07744952079 -5.67127332304
437788710 3.07752973505 5.67128084838
439622742 0.965601090475 -2.74747799398
439622746 0.965653054179 -1.73205210176
439625778 0.965650157192 0.363969753116
439625770 0.965651558074 -1.3316617004e-15
439625774 0.965646351054 0.176326717377
439620658 1.73205880928 0.363970982417
439620654 1.73205654334 0.176327294313
439882846 0.965687417275 -1.19175510015
439882842 0.965680123969 -1.73205173834
439884854 1.73209220839 0.577350437599
439884850 1.73207025513 0.363971195023
439884858 1.73205180896 0.83909828621
438576234 1.42811937688 8.23553187888
438576230 1.42818856082 2.63678428402
438577186 0.839118437918 0.246475078485
438577182 0.839106578729 1.16095291528e-15
438568030 2.47325429024 0.885922803222
438568034 2.47324808904 1.44874184388
438568038 2.47330372645 2.63678493479
437784646 1.73201480313 1.73205093402
437784642 1.73204889027 0.839099578677
439887962 1.73208921166 -1.73205147332
439887966 1.73205433821 -1.19175412706
439616594 1.73152961407 -5.6712664125
439616590 1.73157894737 123456789
439616598 1.73170456166 -2.74748333434
439880758 0.965664896079 0.57735041604
439880754 0.965650858225 0.363970346271
439880750 0.965644410206 0.17632644037
437788698 3.07750328465 0.363970233848
437788690 3.07750974052 -0.363970486209
437788694 3.07762055227 -9.88086159203e-17
439878662 0.965651558074 123456789
439878666 0.965530709234 -5.6712590636
439619658 1.73217549827 5.67128865141
439619650 1.73207065188 1.7320511501
439619654 1.73210084527 2.74747949474
439621738 1.73205709959 -0.363971002736
439621730 1.73202068035 -0.839100362749
439621734 1.73205364869 -0.577352643263
438830098 0.839124833894 -0.885927614264
438830090 0.839127881628 -2.63680414963
439888986 1.73163224599 -1.73205068163
438830094 0.839119661142 -1.4487504975
439888982 1.73150188631 -2.74746876002
439626822 0.965671496446 2.74747783504
439626826 0.965520322364 5.67125059251
439625846 0.965648815383 0.176326422471
439625842 0.965651558074 -7.07348772691e-16
439617546 1.73176741088 -5.67129035209
439617542 1.73157894737 123456789
437529658 1.07239790837 -5.89572020865e-17
437529654 1.07235691448 -0.363970693456
437529650 1.07234763161 -0.839099563334
438579218 0.839110988489 -0.885926906223
438579214 0.839126402908 -1.44875112698
438579210 0.839093035498 -2.63680147938
438571042 2.4752266702 0.246475415652
438571046 2.47522608012 0.524840452751
437786682 1.73202003906 2.35712553222e-17
437786686 1.73205033448 0.363970011873
438834282 1.42829339795 8.23557878606
437522506 3.07747060832 5.67127886194
437522502 3.07751460807 1.73205100013
438841418 2.4732643775 -0.524844113143
438841414 2.47327820418 -0.885922857267
438841410 2.47326881252 -1.44875788809
438830114 0.839114589624 0.246474605163
438830110 0.839106578729 8.54927877209e-16
438830118 0.839123272318 0.524840186961
439879742 0.965653049368 1.19175361432
439879746 0.96564725683 1.7320504912
439623810 0.965604541061 0.839096745071
439883826 0.965644578701 0.363969293471
439883822 0.965648168013 0.176327196698
438839378 2.47523518078 -1.06659099168e-15
438839370 2.4752262836 -0.524844438273
438839374 2.47522250396 -0.246477821729
439627870 0.965644753463 -1.19175300469
439627878 0.965659259067 -0.577350577962
439882758 0.965651558074 123456789
439624742 0.965651970721 -0.176327691475
439624746 0.965651558074 -3.37121764214e-16
437528642 1.07235822905 0.839100099407
437528646 1.07233079603 1.7320513075
437526546 1.73204764803 -0.363970287787
437526542 1.73204672823 -0.839099597173
439888954 1.73159170667 0.839098934656
439888950 1.73163597788 0.577349654883
439616518 1.73157894737 123456789
438578218 0.839103168041 0.885916156745
439888906 1.73186751496 -5.67129665044
439888902 1.73157894737 123456789
439616658 1.7314097941 5.67126482375
439616650 1.73166429467 1.73205170672
439616654 1.7316538226 2.74747872503
438840346 2.47326392842 -0.246480365583
438840342 2.47324786986 -0.524840422035
438836318 1.42814590452 0.885922480471
438836314 1.42814967561 0.524836815083
438836310 1.42815161654 0.24647827886
438833246 1.4281564667 0.885922806394
438833242 1.42815274504 0.524836879853
439886942 1.73203963301 -1.19175323769
439886946 1.73203890647 -0.83909828462
439620702 1.73205709337 -1.19175368353
439620706 1.73205778223 -0.839099230508
439879750 0.965647558751 2.7474749802
439879754 0.965635660022 5.67125576904
437785650 1.73204097459 -0.839099168304
437785654 1.73205631142 -0.363970726081
437785658 1.73202003906 1.50027978283e-16
437519398 3.08134234132 5.67128208547
437519390 3.08132696568 0.839099810234
437519394 3.07708629961 1.73205063963
437792782 3.08130258544 -0.839099313705
437792786 3.07708694704 -0.36397062018
438573082 1.42814814401 -0.246480122458
438573086 1.4281273131 6.11992282679e-16
439879818 0.965639236644 1.7320514335
437781526 1.07239790837 2.22427541127e-16
437781522 1.07235584424 -0.363970317034
439881874 0.965733347192 5.67130907866
439881870 0.965651264901 2.74748110538
438567950 2.47322800747 -1.44874730367
438567954 2.47326129415 -0.885926908259
438567958 2.47326978556 -0.524840170372
439880838 0.965639854259 1.19175424092
439880834 0.965647652131 0.839099388533
439880830 0.965652379107 0.577350188937
439883838 0.965689997876 1.19175538062
439621678 1.73204493128 0.176326357254
439621674 1.73202003906 5.3024199775e-16
439621670 1.73204504359 -0.17632680111
437791782 3.07702262142 5.67127583923
437791786 3.07959031879 -5.6712757308
439885926 1.73205610067 -0.577351763196
439885922 1.73204938465 -0.839098850896
437790786 3.0775092451 0.839099525445
437790782 3.07750809571 0.3639702527
438569998 2.47519512694 -1.44875022849
438569994 2.47520202609 -2.63680425794
438569990 2.47508569489 -8.23573674174
437525538 1.73201894186 1.73205132756
437525530 1.73205266568 0.36397062543
437525534 1.73204252565 0.839099269645
439889018 1.73161998157 0.363970696192
439889014 1.73161105664 0.176326850735
439889010 1.73157894737 -1.17838579842e-15
438833162 1.42813269857 -2.63680467483
438833166 1.42813490069 -1.44874949068
439619702 1.73205065368 0.176327300649
439619706 1.73206086205 0.363970590179
438570038 2.47533245679 8.23575763616
438570030 2.4752021969 1.44875004
438570034 2.47525432234 2.63676412995
437792842 3.07710417279 5.67128009037
437520398 3.07709436133 -0.83910020918
437520390 3.07721039379 -5.67129075495
437520394 3.07962175043 -1.73205054756
439623718 0.965649019745 -0.176327153677
439623714 0.965649220521 -0.363970680693
439623710 0.965652371463 -0.577349514296
439618678 1.73205188162 0.17632776199
439618674 1.73202003906 6.25216925411e-16
439618670 1.73205196902 -0.176326596319
438831126 0.839114801599 -0.524840345057
438831122 0.839121477423 -0.885927840104
437782578 1.07235436787 -0.839099291077
437782570 1.07234107022 -5.67127698547
437782574 1.07237973828 -1.73205077104
438575166 1.42812411815 -2.63677949365
437521470 3.07750493791 0.363969995953
437521474 3.07750037835 0.839099709155
437521478 3.07750815406 1.73205071524
437530694 1.07233034048 1.73205064781
437530690 1.07236439523 0.839100999665
437530698 1.07237392862 5.67129251042
439881782 0.965654950937 0.577350279246
439881786 0.96561956218 0.83909820244
439623698 0.96569368103 -1.73205222013
439623690 0.965545282917 -5.67127080288
439623694 0.965570451622 -2.74747234491
439880782 0.965651558074 123456789
439880786 0.965463761993 -5.67128749342
438832194 0.839111003167 -1.44875841813
438832190 0.839110433139 -2.63678319781
438832198 0.839125448435 -0.885923064264
439627786 0.965812355906 -5.67129387665
439627782 0.965651558074 123456789
438837342 2.47524059431 0.885923624565
438837346 2.47524701932 1.44874255841
438576186 1.42793571502 -8.23591653421
438576182 1.42811715719 8.23574772425
438571094 2.47521601972 0.246477381212
438574114 1.42815249224 0.246474900711
438574110 1.4281273131 3.10434041881e-15
438574118 1.42814211466 0.524839779581
439627906 0.965646591716 0.839099351472
439889986 1.73165948647 1.73205096167
439889982 1.73162539708 1.19175405635
439622802 0.965571790801 5.67128848284
437519430 3.08131841749 1.73205081776
437519434 3.077108501 5.67127956065
438839402 2.47508648901 8.23555988343
437787698 1.73205102543 -0.83909934138
437787694 1.73208438161 -1.73205083371
437787690 1.73205520366 -5.6712782949
437781578 1.07232776568 5.6712800867
439622770 0.965651558074 -2.69579681913e-16
439878714 0.965635701213 0.839098350989
439878710 0.965657763941 0.577350403127
439622778 0.965654225526 0.363970345061
439878718 0.965663333543 1.19175422442
439623794 0.965651558074 2.37308570362e-15
439623790 0.965648555744 -0.176326507253
439623798 0.965644537119 0.176326088978
437523502 3.07750862255 -1.73205118843
437523506 3.07749745128 -0.839099189065
439625742 0.965744046459 -2.74748131962
439625746 0.965652843614 -1.73204982392
437520422 3.07703088241 5.6712827039
439620662 1.73207843176 0.577350028829
439620666 1.73210605692 0.839102062889
438835226 1.42814937835 -0.246480276648
438835222 1.42816789769 -0.524841455694
439884826 1.73208317302 -0.839100084612
439884822 1.73202100888 -1.19175441267
438838306 2.47522151643 0.246475176637
438838302 2.47523518078 7.15459113385e-16
437524502 1.73202003906 1.87108157622e-16
437524506 1.73205084521 0.363970528693
439890026 1.73162086323 -0.363970158331
439890022 1.73164588837 -0.577350178283
438841378 2.47325276268 0.246474662853
437520430 3.07709359167 -1.73205171493
437520434 3.07961521053 -0.839099308245
437520438 3.07709137 -0.363970717166
437526598 1.73200927731 1.7320498329
438567986 2.47329560395 2.63676230878
437526590 1.73205059004 0.363969994004
437526594 1.73204626892 0.839099878466
438568002 2.47329453406 -1.44876025642
438568006 2.47324928653 -0.885922397362
437521482 3.07748823937 5.67127715082
439887938 1.73207683306 1.73205030918
439887930 1.73208574972 0.839100958398
439887934 1.73204941626 1.19175391717
437789726 3.07751438324 0.839100076011
437789722 3.07749850812 0.363969858917
437787718 1.7321534278 1.73205081607
437787710 1.7320537481 0.363970489007
437787714 1.73204931033 0.839099965953
439617674 1.73162065998 1.73205070671
439617670 1.73160756108 1.19175401233
439617678 1.73155149127 2.74747406985
439624826 0.965647295776 0.363969877117
439619662 1.73202003906 123456789
439619666 1.73208021749 -5.67128460667
439621702 1.73209227047 2.7474779496
439621706 1.73230886697 5.67129407841
438840406 2.47325317996 0.246477357843
439882822 0.965608206045 2.74747252776
438840402 2.47327293318 1.57573369499e-15
439625838 0.965647686777 -0.176326744869
439625834 0.965663449845 -0.363970990153
439625830 0.965657156963 -0.577350121932
438575162 1.42804273861 -8.23589903995
437791806 3.07709082127 0.363970499501
437791802 3.07973604619 -1.56542092759e-16
439623818 0.965651803152 1.73205110753
437529666 1.07235792167 0.83910012968
437529662 1.07235624439 0.363970598486
438571018 2.47520454467 -2.63680345309
438579266 0.83911297171 -1.44876059108
438579262 0.839120338121 -2.63678245375
438571014 2.47497366224 -8.23569629633
438572090 2.4752197997 -8.23592444163
438572094 2.47526596477 -2.63678803766
438572098 2.47524234995 -1.44875820197
437786678 1.73204659312 -0.363969835286
437786670 1.73208305545 -1.73205066189
437786674 1.73204063464 -0.839099313098
438834254 1.4281503832 -0.246478123363
438834250 1.42814815159 -0.524843764427
438834258 1.42816248539 -1.55080321124e-05
439618702 1.73208118073 2.7474765154
439618706 1.73192827733 5.67127340343
438841426 2.47327293318 -2.18013302486e-15
438841422 2.47325043167 -0.246477780451
437787702 1.7320492526 -0.363969959859
437791750 3.0771028894 -5.67128043248
437791754 3.079623481 -1.73205127143
437791758 3.07708429131 -0.839099501547
438830146 0.839136990156 -1.44875979019
438573122 1.42813266543 -1.44875830752
438573126 1.42811335456 -0.885921003031
438837262 2.47523071512 -1.44875185825
438837266 2.47521575246 -0.885926608704
439878798 0.965663148162 2.74748457938
439878794 0.965655969442 1.73205109206
439878790 0.965629975087 1.19175364158
439883854 0.965651558074 123456789
439883850 0.965704519807 5.67129785199
439883858 0.965649812673 -5.6712667671
439882818 0.965662656336 1.73205135839
439885846 1.73205009209 -1.19175274818
439882810 0.965669049186 0.839100224838
439627822 0.965652094343 0.176327308202
439627826 0.965647282993 0.363970207249
438569022 2.47323781093 -2.63678280188
438569026 2.4733016908 -1.44875929736
439624838 0.965645764838 1.19175233505
439886874 1.73202616885 -0.839099116902
439886870 1.73201820015 -1.19175344342
439886878 1.73211057843 -0.577353345029
439624830 0.965663679108 0.577350540865
438575210 1.42821418435 8.23556434153
439616566 1.7316343865 0.577350107573
439616562 1.73161043582 0.363970217498
439888006 1.73202140139 1.19175239599
439888002 1.7320205957 0.839099289298
439888938 1.73157894737 7.183163697e-16
439626878 0.965662791333 0.577350631586
439626874 0.965638170896 0.363969247946
439626870 0.965645601403 0.176326939808
439884902 1.73201508029 -0.577350407741
439884906 1.73204820962 -0.363970136752
438840398 2.47325058567 -0.246477532038
438840394 2.47325553623 -0.524843403254
438840390 2.47324371371 -0.885921849398
437523462 3.07753550769 -5.67128705495
437523466 3.07751691448 -1.73205071026
437785662 1.73205029247 0.363970198367
437785666 1.73205758717 0.839100004792
437792778 3.07709913864 -1.73205121214
439887878 1.73202003906 123456789
437792774 3.08148037479 -5.67129182398
438570050 2.47522184391 -1.44875849238
437781558 1.0723574681 -0.36397074992
437781554 1.07235599063 -0.839099828151
437781550 1.07238848491 -1.73205050934
439622686 0.965648206369 -0.577350078177
439622682 0.965675616497 -0.8391002485
437524498 1.73205296324 -0.363970591149
439880806 0.965659071956 -0.577350352156
439880802 0.965682883864 -0.839099912219
437524490 1.73208654177 -1.73205051949
439885970 1.73196046271 5.67127701001
438838278 2.47532793118 -8.2357426149
439889042 1.73181800098 5.67128489964
438574090 1.42817041342 -2.63680516246
438574094 1.42813676075 -1.44874980595
438574098 1.42814053659 -0.885927001529
439879730 0.965657078621 0.363970179646
439879734 0.965668440787 0.57735058692
438571114 2.47513085563 8.23554799579
439879738 0.965635775629 0.839099531904
438571110 2.47516152879 2.63678058196
439882894 0.965610796176 2.74747768507
439882890 0.965671393533 1.73205245831
439882898 0.965572917162 5.67127604781
438839302 2.47528829908 -8.23575776124
438839306 2.47514803322 -2.63680125573
437783562 1.07233317522 -1.73205128082
439623726 0.96565168188 0.176326963406
439623722 0.965651558074 -1.16858757089e-15
437528586 1.07233434098 -1.73205115868
439618622 1.73205826979 1.19175490051
439618626 1.73208486313 1.73204955437
439626774 0.965629251799 -1.19175224598
439626770 0.965645234541 -1.73205036664
439626778 0.965652229275 -0.839099873471
439624738 0.965662481689 -0.363970506509
439624730 0.965653756772 -0.839099960142
439624734 0.965651234016 -0.577349645248
437522454 3.07762055227 -2.80651086793e-16
437522450 3.07751050609 -0.363970311328
437522458 3.07750876322 0.363970423274
439627846 0.965552115596 2.74747578905
439627842 0.965640382763 1.73204828202
438572114 2.47523518078 2.61785701158e-16
438572110 2.4752146496 -0.246477546678
438572118 2.47521921196 0.246477754262
437782542 1.07236044622 -0.839100303231
439882826 0.96567974583 5.67128464271
439878690 0.96565376409 -0.363969778198
439878694 0.965654996623 -0.176328215032
439878698 0.965651558074 -6.22698778971e-16
439878738 0.965805134281 -5.67130132432
438575154 1.42816421802 2.63676323746
438575150 1.42817910337 1.44875056477
438575158 1.42800292818 8.23575938807
437521442 3.07752116743 1.73205148821
438578246 0.839116464107 -0.885922178186
438578242 0.839124429657 -1.44875798683
439887982 1.73206480183 -0.176328066828
439887986 1.73202003906 -1.94340911234e-16
439616606 1.73162088825 -1.19175333288
439616602 1.73163289768 -1.73205104775
439881754 0.965665583504 -0.83909990027
439881750 0.965652307488 -1.19175300352
439881758 0.965663065593 -0.57735024198
438832146 0.839121344557 -0.885927510623
438832142 0.839118556713 -1.4487510163
439886938 1.73210437534 -1.73205185745
439886930 1.73192957137 -5.67126870703
439886934 1.73204062707 -2.74747549827
438577166 0.839113668026 -1.44875022335
438571090 2.47523518078 -3.72384318013e-16
438576158 1.4281273131 8.76720334695e-16
438576154 1.4281504771 -0.246480320627
438576150 1.42814529554 -0.524840614283
438577206 0.839028698421 8.2357659691
438577202 0.839073609293 2.63675889626
439879686 0.965651558074 123456789
438574166 1.42815106476 0.246478101053
438574162 1.42816375636 -1.53255577711e-05
439881826 0.965639366683 -0.839097581777
439881822 0.965668374871 -1.19175560231
437790738 3.07750689459 -0.363970030528
437790734 3.0775138065 -0.839100642086
437790730 3.07751290444 -1.7320510794
437525566 1.73204938893 0.363969861697
437525562 1.73202003906 9.40210101846e-17
437527586 1.73200766486 1.7320505325
437527582 1.73205077486 0.839099742381
438570066 2.47523518078 -3.49881432838e-16
438570062 2.47522419596 -0.246478109011
437792818 3.07708963526 -0.83909983328
437792814 3.08131437364 -1.73205070441
437792810 3.07707911927 -5.67128147189
439889958 1.7316093998 -0.176326781565
439889954 1.73159874845 -0.363969661154
439889950 1.73163615472 -0.577349606467
439879802 0.965646135056 0.363970261556
439879806 0.965655893705 0.577349889913
438839382 2.47522071928 0.246477548514
438839386 2.47521450942 0.524836503874
439878766 0.965647231349 -0.176326649455
439878762 0.965662992659 -0.36397140039
439883782 0.965651558074 123456789
439883786 0.965741792325 -5.67129611521
439882786 0.9656465338 -0.363970282862
439882782 0.965655545344 -0.577350437512
439625790 0.965672288939 1.19175469918
439625798 0.965697611371 2.74747488045
438831174 0.839125157296 -0.885922336475
438831170 0.83912384819 -1.44875814139
438831178 0.839133326131 -0.524844939894
439890062 1.73161536173 2.74747765164
438831206 0.839156453023 2.63678803472
438835214 1.4281537389 -1.44875018519
438835210 1.42813543624 -2.63680688285
438835218 1.42815947917 -0.885927905495
438838334 2.47528863223 -2.63678595915
438838330 2.47526608087 -8.23596013962
438838338 2.47526631009 -1.44875816726
439890058 1.7316333418 1.73205085381
439890054 1.73160500528 1.19175367869
439890050 1.73159904731 0.839098839726
437784622 1.73209541793 -1.73205130406
437784626 1.73205878653 -0.839100135707
439887902 1.73210916474 -0.577352010417
439887906 1.73204282421 -0.363969608563
437789714 3.07750817249 -0.363970267702
437789710 3.07750872481 -0.839099833048
437789718 3.07762055227 -1.92853737732e-16
437530666 1.07239187513 -5.67129416748
437530662 1.07232681243 5.67127923591
439617646 1.73161584838 -0.176327323045
439617642 1.731624295 -0.363970828949
439627902 0.965660404995 0.57735062221
439626882 0.965643208488 0.839098063623
438837314 2.47522844066 -1.44875861435
438837310 2.47520546071 -2.63678146731
438837318 2.47522801075 -0.885923616204
437519366 3.08134051187 -5.67127940628
437529638 1.07227322514 5.67126318452
437529630 1.07235635816 0.839100126522
437529634 1.07239080541 1.73205157181
437527558 1.73204237574 -5.67128011726
438571022 2.47523989869 -1.44874983879
438571026 2.47520141141 -0.885926839571
438572046 2.47526921804 -1.44875197167
438572042 2.47512206479 -2.636802034
439883922 0.96565996842 5.67128495435
438834198 1.42814308886 -0.52483993236
438834190 1.42813382595 -1.44875022795
438834194 1.42815692017 -0.885928110468
438834226 1.42819661231 2.63676524516
438834222 1.42814227415 1.44874916372
437791762 3.07963044124 -0.363970583004
437791766 3.0771978022 2.28464588969e-16
437783610 1.07239790837 -1.97602981541e-17
437783614 1.0723536451 0.363970043709
437783618 1.07235513583 0.839099543416
437788734 3.07750527259 0.363969486088
437788730 3.07762055227 -9.38789352761e-17
437788738 3.0774954476 0.839099052004
439622726 0.965703969008 2.74748237583
439622722 0.96566699619 1.73205122142
439883886 0.965646938062 -0.176326765971
439883882 0.96564605052 -0.363970392151
438835298 1.42812339598 1.44874206583
439620638 1.73202897827 -0.577349923499
438835294 1.42815195912 0.885922119518
439620634 1.73201039045 -0.839098497572
438835290 1.42814596777 0.5248369443
439620630 1.73203877141 -1.19175342238
439885834 1.73213743212 -5.67127528162
439885830 1.73202003906 123456789
439885838 1.73208705542 -2.74747516128
439884878 1.73202003906 123456789
439884874 1.73226896102 5.67130554188
439884870 1.732061844 2.74746944872
438576210 1.42816212847 -1.54977431188e-05
438576214 1.42815118179 0.246478041246
438576218 1.42814548171 0.524836587168
438577162 0.839117080368 -2.63680482284
438836278 1.42824484306 8.23577337349
438836274 1.42818373552 2.63676439649
438836270 1.42813848081 1.44874962614
438569010 2.47324125307 2.63676224428
438569014 2.47334326166 8.23576859122
438569018 2.4730548985 -8.23591583369
439880774 0.965659460804 2.74747785079
437788678 3.07753423864 -5.67128442333
439619638 1.73209089292 0.577350400665
439619634 1.73205108206 0.363970055109
439619630 1.73205530191 0.176327392541
439621758 1.73207690348 0.577350141064
439621754 1.73204510629 0.363970016222
439621750 1.73205944078 0.176327802369
439888962 1.73161997433 1.73205148254
439888966 1.73157347126 2.74747569987
439626806 0.965659105088 0.577350293945
439626802 0.96564544681 0.363969293191
439884938 1.73212449074 1.73205171695
439884930 1.73207122428 0.839099301225
439884934 1.73199033844 1.19175172196
439617566 1.73163636982 -0.577349816853
439617562 1.73162188515 -0.839099473665
439625866 0.965643895307 1.73204933369
439625862 0.965670483996 1.19175458309
438568982 2.47323374641 -0.524839284508
438568986 2.47325726317 -0.246480753352
438833222 1.42815168814 -0.885922284555
438833226 1.42814612947 -0.524843643082
438579234 0.839117305613 0.246474728759
438579230 0.839106578729 2.83217730876e-16
438579238 0.839121295441 0.524840381482
438841386 2.4732674241 0.885918331327
438841382 2.47325100582 0.524839818345
439880850 0.965219412461 5.67125157106
439886910 1.73205321249 1.19175361339
438830138 0.839099978618 -8.23593100693
438840410 2.47326836691 0.524837168356
438840414 2.4732827267 0.885922718722
438573150 1.42816664803 0.885923571323
438573154 1.428179216 1.44874194886
438573158 1.42819751931 2.63678713319
439879762 0.965700354598 -5.67128789013
439879766 0.965594277581 -2.74746876382
439883806 0.965660587584 -0.577350408374
439883802 0.965640587306 -0.839100424273
438839350 2.47519439157 8.23575685813
438839354 2.47509311105 -8.2359128012
438839358 2.47527968873 -2.6367875366
437783558 1.07243546697 -5.67130532665
439623778 0.965638114645 -0.839099122661
439627858 0.965991775855 -5.67131857914
439623770 0.96566650674 -1.73205215036
439623774 0.965661977427 -1.19175416864
439627854 0.965651558074 123456789
439624762 0.965672539497 0.839100299308
439624766 0.965642087306 1.19175290537
437522486 3.07751302495 -0.363970587113
437522482 3.07748960288 -0.839099334311
437528626 1.0723576645 -0.839099858488
437528622 1.07238728087 -1.73205093542
439886886 1.73204613239 -0.176326720667
439886882 1.73204849416 -0.363969790929
437526562 1.73202054167 1.73205128715
437526566 1.73203783466 5.67127935111
438572126 2.47522967731 0.885922376253
438572122 2.47520540497 0.524836517984
437782594 1.07235550289 0.839099633548
437782590 1.07235296195 0.363970080364
437782598 1.07232797623 1.73205042304
437522438 3.07750571009 -5.6712908099
439616534 1.73160922197 -1.19175327737
439616530 1.73161385107 -1.73204970984
439616538 1.73158255264 -0.839098708022
438578234 0.839014851764 -8.23592854878
438578230 0.838931925826 8.23566597967
438840326 2.47339302012 -8.23578184021
438836330 1.42821508837 8.23557032422
438832174 0.839136227648 1.44875189437
438832170 0.839126382854 0.885918641277
438832178 0.83916114165 2.63676181693
439886962 1.73202003906 -1.96632265311e-16
439886966 1.73205388813 0.176327322653
439620722 1.73202003906 1.48724915818e-15
439620726 1.73206196721 0.176328143022
437785634 1.73202172909 1.73205131085
437785630 1.73205352013 0.839100083619
437785638 1.73201536986 5.67128392503
438576166 1.42814501083 0.524840452832
438576162 1.42815296071 0.24647534497
439881818 0.965637756166 -1.73204971563
439881814 0.96563965149 -2.74747455379
439881810 0.965517428201 -5.67125731053
438567978 2.47323986813 0.885917621913
438567970 2.47324909854 0.246474578448
438567974 2.47327092901 0.524841025952
439621658 1.73200226573 -0.839097733477
437790762 3.07747459186 -5.6712774153
437790766 3.07749666528 -1.73205028513
439885902 1.73202003906 123456789
439885906 1.73214688335 -5.6712967129
438837290 2.47524312078 0.885918138574
438837294 2.47520320523 1.44874886593
438837298 2.4752222391 2.63676253305
437525518 1.73206605839 -0.839100080299
437525514 1.73208367661 -1.73205039565
437525510 1.73207943935 -5.67128858648
439889030 1.73161762399 1.19175435426
439889034 1.73165071111 1.73205090636
439889038 1.73154931496 2.74747851489
437782562 1.07238687033 1.73205108108
439619722 1.73210945212 1.73205114708
439619726 1.73210499157 2.74747764787
437527606 1.73205295581 -0.363970208136
437527602 1.73205909318 -0.839099949409
439889966 1.73161255901 0.176326875962
439889962 1.73157894737 -1.76973498194e-15
438570018 2.47522265376 0.246474946103
438570014 2.47523518078 -6.70645844629e-17
438570010 2.47523176235 -0.246480881827
437787670 1.73202003906 -2.54234041652e-16
439618650 1.73207030505 -1.73205040455
439618654 1.73199558949 -1.19175248032
439618658 1.73204970583 -0.8390996959
438831146 0.839114312344 0.885917712516
438831142 0.839117013079 0.524840163254
438835242 1.42814232075 0.885917253959
438835246 1.42813581212 1.44874848759
438838362 2.47522541054 0.524837082897
438838366 2.47523619323 0.885922830339
438836286 1.42813511254 -2.6367821272
438836282 1.4280097078 -8.23591358593
437520450 3.07961787997 0.83909933567
437520454 3.07709198659 1.73205074152
437520458 3.07946417868 5.67127233833
437790758 3.07757106639 5.67128053395
438575182 1.42815504534 -0.246478092888
438575186 1.42816239164 -1.58115354249e-05
437521414 3.0775369736 -5.67128091745
437521418 3.0775118412 -1.7320513489
437789742 3.07750986212 -1.73205085768
437789746 3.0774933254 -0.839098930773
439618598 1.73205047098 -0.176326611371
439618594 1.73206514573 -0.363970557426
439618590 1.73208273057 -0.577350134484
439617610 1.73191722724 5.67131012811
439617614 1.73157894737 123456789
439617618 1.73168281049 -5.67128604683
438840418 2.47326178257 1.44874086183
438830130 0.839119268993 2.6367586083
438830134 0.838994747342 8.23574452282
438577258 0.839329655624 8.23560964495
438577254 0.839114707814 2.63678175331
438577250 0.839106515768 1.44874200825
439623826 0.965553160258 5.67128659109
438574138 1.42816264189 -8.23593558935
438574134 1.4279910771 8.23571611845
438574130 1.42820438716 2.63676402116
439623822 0.965635585218 2.74746905256
438579286 0.839118471814 0.246478379177
438579282 0.839106578729 1.13733023996e-16
438572038 2.47513692241 -8.23575568749
439627922 0.965681765514 5.67128425849
437527574 1.73202003906 0.0
437527578 1.73205149393 0.363970230777
438832234 0.839052944623 8.23554379693
438832230 0.839146188913 2.6367894391
438570090 2.47503748303 8.23552756904
439622774 0.965649805924 0.176326792727
437788706 3.07750551271 1.73205110486
437788702 3.07752767843 0.839100375058
439622754 0.96565221837 -0.839098472207
439622750 0.965661351093 -1.191753887
439622758 0.965651287902 -0.577350202361
437523522 3.07751305454 0.839099874724
437523526 3.07752400625 1.73205122254
439878734 0.965651558074 123456789
439878730 0.965653358254 5.67125997094
439625766 0.965651847117 -0.17632690143
439625762 0.965659153991 -0.363970422926
439624822 0.965645359712 0.176326411585
439882878 0.965662773763 0.577350439005
439882870 0.965651605254 0.176327244998
439882874 0.965659069857 0.363970021011
439884846 1.73204886108 0.176326176076
439884842 1.73202003906 -2.878571623e-16
438577198 0.839144759529 1.4487514069
438577190 0.839114601993 0.524840059438
438577194 0.83913075612 0.885918614466
439890006 1.73170234725 -2.74748039609
439890002 1.73159386733 -5.67129490799
438568026 2.47325261497 0.524837071844
438568022 2.47327219746 0.246478230578
437784650 1.73207587243 5.6712899086
439887958 1.7320631725 -2.74747731172
439887954 1.73200961077 -5.67128111008
439887950 1.73202003906 123456789
439616586 1.73162898849 5.67127749404
439616582 1.7316762232 2.74748143888
439880722 0.965646416239 -1.73204997333
439880726 0.965680135136 -1.19175542704
437530634 1.07233089692 -1.732050796
437530630 1.07231587801 -5.671267855
437530638 1.07235954754 -0.839100077236
439878678 0.965658626532 -1.19175355327
439878670 0.965728143104 -2.747479922
439878674 0.965622039403 -1.73204945204
439619646 1.7321360826 1.19175694574
439619642 1.73204389857 0.839099070542
439624846 0.965548073298 2.74747616297
439624842 0.965641065319 1.73205063286
439621726 1.73208963907 -1.19175413786
439621722 1.73208528085 -1.73205127912
439888998 1.73164290522 -0.577350088867
438830086 0.839123692249 -8.23575776185
439625854 0.965651236953 0.577349336141
439625850 0.965660180041 0.36397104056
437524486 1.73204607405 -5.67128628318
439625858 0.965672615793 0.839100424355
439617554 1.7316545089 -1.73205062826
439617550 1.73160499482 -2.74747731251
439617558 1.73163406098 -1.19175454863
437528594 1.07235365723 -0.363969995734
437529642 1.07233256855 -5.67127523917
437529646 1.07238400714 -1.73205093103
438579206 0.839084518908 -8.2357384923
438571078 2.4752096521 -0.885922258224
438571074 2.47519723853 -1.448758285
438571070 2.47518622534 -2.63678052304
437786690 1.73204025264 0.839098998241
437786694 1.73204330599 1.73205045319
437786698 1.73203801591 5.67128391488
438834278 1.42811282452 2.63677989858
438834274 1.4281605479 1.44874155608
438834270 1.42813776632 0.885922295577
438841402 2.47337455499 -8.23595616143
438841406 2.47324683008 -2.63678108555
439621682 1.73204801288 0.363969752613
439621686 1.73210168251 0.577350529358
438830162 0.839106578729 2.44100772439e-16
438830166 0.839120132669 0.246478008405
438573102 1.42816540562 1.44875083815
438573106 1.42816443071 2.63676468573
439879758 0.965651558074 123456789
439883834 0.965650991786 0.839100200994
439883830 0.965654124391 0.577349903465
439885866 1.73202003906 1.94015208151e-16
439885862 1.73206194443 -0.176327615734
438839362 2.4751848079 -1.44875727263
438839366 2.47524527095 -0.885923219116
439627802 0.965639693245 -0.839098691803
439627806 0.965653982385 -0.57734987568
439882762 0.965367280696 -5.67123355152
439882766 0.965641023557 -2.74748188067
439618682 1.73208374025 0.363971924411
439618686 1.73208557169 0.577350057964
439624758 0.965657593236 0.577350624312
439624750 0.965654347839 0.176327372196
439624754 0.965652688628 0.363970653696
437528650 1.07238106132 5.67128606014
438569046 2.47325707463 0.246477804279
438569042 2.47327293318 -6.4815787038e-16
438831198 0.839111989708 0.88592236565
439886858 1.73197260603 -5.67126784661
439886854 1.73202003906 123456789
438831190 0.839119062111 0.246477804613
438831194 0.839124414984 0.524837413737
437526538 1.73208670797 -1.73205081322
437526534 1.73201625223 -5.67127923678
439627850 0.965689689717 5.6712819324
438835270 1.42815029824 -0.885922442831
439888910 1.73160695635 -2.74746987513
439888914 1.73163174515 -1.73205089296
439888918 1.73164619739 -1.19175592382
439626854 0.965669618097 -0.577350849082
439626850 0.965647362966 -0.839099474164
439626858 0.965642694345 -0.363969097597
438840370 2.4733056779 2.63676143228
438840374 2.4732119324 8.23575114524
438840378 2.47309364533 -8.23589941474
438833258 1.42822806228 8.23557535577
438833250 1.42815270549 1.44874144088
438833254 1.42819554204 2.6367862722
439886958 1.73205641773 -0.17632695988
439886950 1.7320982407 -0.577352565404
439886954 1.73202725927 -0.363969325457
439620718 1.73204765303 -0.176327128726
439620710 1.73208385799 -0.577352644542
439620714 1.73204391367 -0.363970333283
438577170 0.839125420425 -0.885927409118
438577174 0.839114103489 -0.524839509757
437785646 1.7320829979 -1.73205020212
437785642 1.7320452492 -5.67128030883
438576138 1.42815556981 -2.63680680934
437519382 3.08143053645 7.65819752482e-17
438576134 1.42821694679 -8.23577015778
437519386 3.07708420689 0.363970395406
437792790 3.08143053645 0.0
437792794 3.07708248961 0.363970102122
437792798 3.08131219198 0.839099487424
437781534 1.07235378363 0.839100433921
437781530 1.07235323348 0.363970482725
437781538 1.07238336963 1.73205140137
438838358 2.47523001223 0.246478140318
439881842 0.965651558074 -1.66708016556e-16
439881846 0.965653124811 0.176327114948
438567942 2.47321873294 -8.23573178949
438567946 2.47325384792 -2.63680264167
439880822 0.96564633914 0.176326844231
439880826 0.965630403594 0.363967830462
439885950 1.73208278957 0.577349939056
439885954 1.73207328039 0.839101551219
439885958 1.732010175 1.19175219784
437790790 3.07751229468 1.73205123893
437790794 3.07751245702 5.67128264666
439619718 1.7320572201 1.19175365574
439619710 1.73209940404 0.577350632352
439619714 1.73199872786 0.839098034711
439889938 1.73167212503 -1.73205139878
439889930 1.73137899039 -5.67127925988
439889934 1.73168213623 -2.74747907942
437783582 1.07235147411 0.839099072107
437783586 1.07238712106 1.73205130368
439623702 0.965668176673 -1.19175557154
439627882 0.965652619796 -0.363970753308
439623706 0.965662625954 -0.839100183793
439626758 0.965651558074 123456789
439618602 1.73202003906 1.73315573468e-15
439618606 1.73204972323 0.176326577128
438831110 0.839109280433 -8.23575105777
438831114 0.839064704152 -2.63679629709
438831118 0.839112387371 -1.44875096873
437782566 1.07233707922 5.67128177472
438575178 1.4281485185 -0.524843420349
438575170 1.42814101047 -1.44875837412
438575174 1.42813651039 -0.88592194487
437521466 3.07762055227 -1.67741508459e-16
437521462 3.07750756137 -0.363969979873
438578266 0.839126008523 0.524837834803
438578262 0.839118500846 0.246477700116
439616626 1.73157894737 1.02663089218e-15
439616622 1.73160954374 -0.176326590311
437530686 1.07235481722 0.363970095386
437530682 1.07239790837 4.661518214e-16
439881778 0.965637952118 0.363969816764
439881774 0.965655074312 0.176327515335
439881770 0.965651558074 3.98418186423e-16
439880798 0.965674786329 -1.19175464523
439880790 0.965642111988 -2.74748171708
439880794 0.965685693404 -1.73205098261
437784594 1.73204840718 -0.363970029565
437784590 1.73204718182 -0.839099651054
437784598 1.73202003906 -5.84781020594e-16
438571086 2.47521331399 -0.24647685895
438571082 2.47522772987 -0.52484472844
438574106 1.428156596 -0.246481180237
438574102 1.42813676511 -0.524839983563
439880746 0.965651558074 -1.78456212332e-15
438573110 1.42819654933 8.23573018861
438830142 0.839159376401 -2.63678656807
438573118 1.42811591609 -2.63677853664
438838294 2.47521403909 -0.524840435895
438838290 2.47524766614 -0.885928190746
437525546 1.73207101656 -5.67128296094
437525542 1.73200466701 5.67126270094
438570046 2.47522429122 -2.63678168728
438570042 2.47561983459 -8.23597649939
437792834 3.07707180277 0.839099388443
437792830 3.08131029827 0.363970218373
437792838 3.08131715196 1.73205102454
437519406 3.08131142924 -1.73205086538
437519402 3.0770648499 -5.67128105006
439879826 0.965677290218 5.67126989551
439879822 0.965701861021 2.74748454916
437530642 1.07235704299 -0.363970114653
437530646 1.07239790837 8.5011899158e-16
437787686 1.73200495313 5.6712727947
437787682 1.7320094714 1.73205051318
439878706 0.965656010945 0.363971085892
439878702 0.965652471293 0.176327469918
439622786 0.96565158853 0.839100689079
438578238 0.839115709201 -2.63678378873
439622782 0.965660469858 0.577350360915
437523518 3.07750067075 0.363970073015
437523510 3.07751890072 -0.363970585794
437523514 3.07762055227 -1.27063420773e-16
438835238 1.42814987234 0.524840270697
439884818 1.73205102764 -1.73204994903
439884810 1.73222263799 -5.67129681576
439884814 1.73205861127 -2.7474759594
437524534 1.73205224614 -0.363969893358
437524530 1.73204912132 -0.83909916544
437524538 1.73202003906 -9.04594232747e-18
438838318 2.47522144822 1.44875027776
439890034 1.73157894737 5.0031193215e-16
439890030 1.73161013234 -0.176327182421
439890038 1.73160957312 0.176326808282
437520406 3.0771978022 1.30512602394e-16
437520402 3.07962725965 -0.3639704306
437526586 1.73202003906 5.37713188619e-17
438571106 2.4751985561 1.44874137323
438571102 2.47523609215 0.885922846773
437784602 1.73205240955 0.363970399225
437784606 1.73205559188 0.839099767355
437782602 1.07239231617 5.67129650973
439887926 1.73208318527 0.577350420849
439887922 1.73205620895 0.363970311621
438578198 0.839106059492 -0.524839618442
438578190 0.83912930093 -1.44874991094
438578194 0.839120230862 -0.885927356178
439888978 1.73164604279 -5.67129769596
437789738 3.07748819086 -5.67128306892
437789730 3.07749732139 1.73205076322
437789734 3.0774175448 5.67127209124
437787722 1.73202050512 5.67127863134
439880710 0.965651558074 123456789
439880714 0.965685706117 -5.67127729975
439880718 0.965619537678 -2.74747297215
439617662 1.73164480011 0.577350488621
439617666 1.73160687634 0.839099284852
439624810 0.965657689013 -0.363970887553
439624814 0.965650657735 -0.176327076715
439619698 1.73202003906 4.00790575248e-15
439619694 1.73205092814 -0.17632714857
439619690 1.732050363 -0.363969905682
438837338 2.47520247869 0.524836206022
439625802 0.965694537519 5.67130278708
439625806 0.965651558074 123456789
438573074 1.42816588475 -0.885928303
438573070 1.428147682 -1.44874879216
438573078 1.42815045074 -0.524839969241
437791818 3.07956570862 5.67127302548
437791810 3.0796330955 0.839100352063
437791814 3.07709284454 1.73205135577
437529610 1.07233347847 -1.73205130713
437529614 1.07235284765 -0.839098791863
438574186 1.42791570924 8.2354861259
438574182 1.42813140799 2.63677975212
438579250 0.839098612631 2.63676054562
438579254 0.839081632563 8.23573659366
438579258 0.839051252496 -8.2358911741
438572066 2.47521608682 0.246474539144
438572062 2.47523518078 6.00472386184e-16
439887882 1.7319625977 -5.671278985
439887886 1.73201373838 -2.74747871882
437786646 1.73202003906 4.86665974199e-16
437786642 1.73205208607 -0.363970418019
438834246 1.4281464971 -0.885922751887
438834242 1.42817911815 -1.44875932238
438833194 1.42814952409 0.885918299432
438833190 1.42815066764 0.524840448175
438833198 1.42817031975 1.44875094407
438841450 2.47308527306 8.23553960718
439623782 0.965654588473 -0.577349836203
439623786 0.965653770076 -0.363969970168
438830158 0.839120434426 -0.246477796582
438830150 0.839128061418 -0.885923018133
438830154 0.83911702266 -0.524844386184
438573130 1.42813581911 -0.524842802692
438573134 1.42814928033 -0.246477643474
438573138 1.42816227404 -1.54845728461e-05
438837278 2.47523518078 1.71914890074e-16
438837274 2.47522225686 -0.246480628027
438835278 1.42814401215 -0.24647773593
438573090 1.42815077967 0.24647480125
439879786 0.965639592088 -0.363970002502
439879782 0.965653796298 -0.577350195983
439878782 0.965658524411 0.57735011436
439622706 0.965650048463 0.363971075434
439622702 0.965648399456 0.176327180035
439625738 0.965518363435 -5.6712723417
439883862 0.965663495325 -2.74747857313
439883866 0.96565355327 -1.73205115585
439627890 0.965651558074 -2.55043297074e-15
439620614 1.73202003906 123456789
439620618 1.73245128798 -5.67130540766
439885858 1.73204585197 -0.363971127871
439885854 1.73207276574 -0.577352404635
439885850 1.73209983822 -0.839101576286
439882814 0.965639735691 1.1917528033
439885842 1.73204867194 -1.73205085211
439884890 1.73212943104 -1.73205175815
439884894 1.73202012903 -1.19175239611
439884898 1.73206020169 -0.839099494237
439627838 0.965687978726 1.1917544778
439627830 0.965662630126 0.577350381123
439627834 0.965656202908 0.839099901353
438836254 1.4281273131 -2.24400065928e-16
438836250 1.42815203251 -0.246480809928
438836258 1.42815341721 0.246475281883
438569034 2.47324670258 -0.524843268523
438569030 2.4732265125 -0.885922255347
438569038 2.47326210621 -0.246478129909
439886866 1.73207686873 -1.73205123645
439886862 1.73204646785 -2.74747466068
439620698 1.73211027966 -1.73205126945
439620694 1.73208598484 -2.7474817194
438835230 1.4281273131 7.10525848976e-16
439620690 1.73197258379 -5.671290144
438575202 1.42814047219 1.44874092667
438575206 1.42816694598 2.63678556712
439616550 1.73161321518 -0.176327392046
439616554 1.73157894737 -1.1664469939e-15
439616558 1.7316115365 0.176327020318
439619614 1.73207872649 -0.577351018184
439619610 1.73205629027 -0.839099733862
439619618 1.73204309308 -0.363969729806
439621774 1.73213130543 2.74747688104
439621770 1.73205441455 1.73205035914
439621778 1.73193566497 5.67125970388
439888942 1.73161209349 0.176327438423
439888946 1.73162319985 0.363970712246
439626866 0.965651558074 -5.17717573837e-16
439626862 0.965648687773 -0.176327597237
439884918 1.7320506799 0.176326927473
439884914 1.73202003906 -1.02048467823e-15
439884910 1.73205292244 -0.176327458481
437782546 1.07235195592 -0.363969728244
438840382 2.47320616089 -2.63678449075
438840386 2.47325948766 -1.44875794199
439617582 1.73160568256 0.176326614307
439617586 1.73160717565 0.363970319735
438838298 2.47522217483 -0.246480727757
438833202 1.42813155563 2.63676113577
438833206 1.42818465683 8.23571518901
437523498 3.07756859995 -5.67128389541
437523494 3.07757195304 5.67129669644
437523490 3.07751351365 1.73205067151
438579290 0.839115924468 0.524836486032
437781562 1.07239790837 -6.7577234665e-16
437781566 1.07235408852 0.363970407485
438841362 2.4732686172 -0.885926957459
438841366 2.47325678722 -0.524840550763
438567994 2.47306459793 -8.23590777075
438567990 2.47299069712 8.23571239827
439621638 1.73202003906 123456789
438835306 1.42822151742 8.23557269781
438835302 1.42817963148 2.63678204944
439885962 1.73208536451 1.73204939468
439885966 1.73205941419 2.74747300574
439623806 0.965666124783 0.577350600328
439623802 0.965654366942 0.363969750162
439888014 1.73210503146 2.74747519376
439888010 1.73208661709 1.73205138631
439888018 1.73203589411 5.6712863262
439879706 0.965665409097 -0.839099832401
439882882 0.965618650728 0.839098099997
439882886 0.965653617823 1.19175466739
438839334 2.47524234769 0.524840936993
438839330 2.47521806341 0.246474818583
438839338 2.47521431349 0.885917583446
437787658 1.73208544628 -1.7320507036
437783578 1.07235715774 0.36397049967
437783570 1.07235501475 -0.363970221165
437787654 1.73204231406 -5.67128400869
437783574 1.07239790837 -4.54927667016e-17
439623754 0.965663255323 5.67126926926
439623758 0.965651558074 123456789
439618630 1.73209420696 2.74747644796
439618634 1.73219980775 5.67130578736
439618638 1.73202003906 123456789
437522462 3.07749580453 0.839099298382
437522466 3.07750866689 1.73205077399
437528606 1.07236701385 0.839100770487
437528602 1.07235346541 0.363970162556
439621650 1.73207995372 -1.73204970653
438572102 2.4752217377 -0.88592314941
438572106 2.47523346234 -0.524844427992
437526582 1.7320528752 -0.363970285477
438841398 2.47311754386 8.23573890423
438571098 2.47521937784 0.524837177659
438834206 1.4281273131 5.80517325189e-16
438575122 1.42814471633 -0.88592834057
438575126 1.42816116357 -0.524841545663
438578254 0.839123611455 -0.246478529863
438578250 0.839114397321 -0.524843935926
438578258 0.839106578729 3.63889524616e-16
439616614 1.73164726975 -0.577350161725
439616610 1.73157837673 -0.83909869703
439616618 1.73160083444 -0.363970191862
439881746 0.965625525994 -1.73204996487
439881742 0.9656669598 -2.74748169102
438568966 2.47316284014 -8.23574451295
438832158 0.839106578729 -8.87756351145e-17
438832150 0.839122279857 -0.524840870492
438832154 0.839115817576 -0.246479997752
439886906 1.73205455303 0.839099461707
439886902 1.73209270937 0.577350191288
439620746 1.73209769891 1.732049805
439620742 1.73207799028 1.19175349217
437785618 1.73205069086 -0.363970734254
437785614 1.73205045567 -0.839100187715
437785610 1.73208721143 -1.73205143124
438840426 2.47314671749 8.23556167309
438830102 0.839111357258 -0.524839955109
438838310 2.47520901067 0.524839891716
438576142 1.42811540606 -1.44874862029
438576146 1.42813491139 -0.885926923894
438577238 0.839113944107 0.246477449308
438577230 0.839115939544 -0.246477362282
438577234 0.839106578729 -5.41200291583e-17
438838314 2.47522228603 0.885918285786
439622678 0.965629087075 -1.19175408811
438574158 1.42815110882 -0.246477735125
439622670 0.965658142141 -2.74747633442
438574150 1.42813382275 -0.885921887269
439622674 0.965640032039 -1.73205035598
438574154 1.42815978247 -0.524844634324
439881830 0.965654800197 -0.577350450067
439881834 0.965644056347 -0.363970171785
439881838 0.965648592766 -0.176327215947
437790742 3.07762055227 1.28472078651e-16
437790746 3.07750514855 0.363969984767
437525574 1.73208766485 1.73205109607
437525570 1.73205120591 0.839099576347
437525578 1.7321335291 5.67128703747
439621654 1.73204435907 -1.19175345841
437527594 1.73214399239 -5.67129605419
437527590 1.73217123811 5.67130386925
437527598 1.73208381409 -1.73205067213
437527622 1.73200999714 1.73205112809
437527626 1.73200759308 5.67127409589
438570074 2.47523186413 0.524837708721
438570070 2.47522625547 0.246477771128
438570078 2.47522270864 0.88592317901
437792806 3.08138208831 5.67129416457
437792802 3.07709049517 1.73205069201
439889942 1.73162479299 -1.19175279773
439889946 1.73161857354 -0.839099987213
439878758 0.965664127973 -0.57735025332
439878750 0.965655222218 -1.19175383178
439878754 0.965673496862 -0.83910104324
439626782 0.965660079538 -0.577350310824
439626786 0.965663730177 -0.363970457162
439882790 0.965651977005 -0.176327075974
439882794 0.965651558074 -1.08605485194e-16
439882798 0.965656748231 0.176328075834
439625786 0.965680756786 0.839099999796
439625782 0.965655735261 0.577350392408
439624786 0.965542522226 -5.67129227063
439624782 0.965651558074 123456789
438831162 0.839083852491 -8.23594666307
438831166 0.839108438898 -2.63678598461
438835262 1.42813667159 -2.63678257343
438835266 1.42813418933 -1.44875696391
439885882 1.73204847056 0.83910034595
439885886 1.7319988322 1.19175113329
439624818 0.965651558074 4.22668149423e-16
438838342 2.47524390889 -0.885922876205
438838346 2.47521700303 -0.524843905024
437524546 1.73205022193 0.839099385119
437524542 1.73204853255 0.363970292026
437782534 1.07228410644 -5.67127158377
437782538 1.07232856055 -1.73205130999
439881762 0.965658769441 -0.363970479909
438831202 0.839123446223 1.44874252273
439890066 1.73178830653 5.67129678168
437784638 1.73204906312 0.363970099151
437784630 1.73205106639 -0.363970241913
437784634 1.73202003906 2.72274907931e-17
437521438 3.07750648359 0.839099652227
437521434 3.07750873525 0.363970263531
437521430 3.07762055227 0.0
439888934 1.73161121754 -0.176327072303
439888930 1.73159984125 -0.363969463157
437789762 3.07752876867 0.839100656275
437789766 3.07749496728 1.73205006427
437530650 1.0723561628 0.36397051626
437530654 1.07234983192 0.839098933801
437530658 1.07238801342 1.73205104058
439618570 1.73175945182 -5.67127274015
439618574 1.73193750686 -2.74747247981
439618578 1.73205871807 -1.73205023094
439617638 1.73164688676 -0.577350338455
439617630 1.7315795397 -1.19175419016
439617634 1.73156515585 -0.839097718888
439886986 1.73208618894 1.73205014925
439886982 1.73204659795 1.19175267829
438837306 2.47522652671 -8.23593590243
438837302 2.47521897745 8.23576945695
437529622 1.07239790837 8.0632551509e-16
437529626 1.07235474458 0.363970316595
438572054 2.47522202539 -0.524840153532
438572050 2.47525318726 -0.885928152194
438572058 2.4752259696 -0.246481234611
439883918 0.96573030018 2.74748556692
439883914 0.96563511166 1.73204894229
439883910 0.965636566859 1.19175311771
437786638 1.73203767569 -0.83909859775
437786634 1.73209268318 -1.73205121873
437786630 1.73207658339 -5.67128831874
438834218 1.42815639208 0.885918215759
438834210 1.42815282349 0.246474949386
438834214 1.42814945831 0.524840844184
438832218 0.839121721819 0.524837062764
438832214 0.83911448355 0.246477458038
438832210 0.839106578729 4.62583836669e-16
438837334 2.47523618455 0.246478463537
438837330 2.47523518078 1.21149478135e-15
437783602 1.07235624568 -0.83910011388
437783606 1.07235307109 -0.363969798311
437788722 3.07750991538 -0.839100032147
437788726 3.07750933615 -0.363970410828
439622738 0.965719518159 -5.67127166858
439622734 0.965651558074 123456789
439622730 0.965736702866 5.67128301919
439883898 0.96566353075 0.363971546918
439883890 0.965651558074 -9.81043688734e-16
439883894 0.965645171722 0.176326609959
439620622 1.73205227919 -2.74747716986
439882850 0.965658353436 -0.839100242535
439882854 0.96564778173 -0.577349865955
439882858 0.965642597597 -0.363970436604
439884862 1.73203860944 1.19175341067
439884866 1.73209183277 1.73205112685
438576226 1.42812945276 1.44874144774
438576222 1.4281776187 0.885923288987
438577178 0.839118662655 -0.24648013833
438836266 1.42815002812 0.885917975485
438836262 1.42815416398 0.524840764389
439620650 1.73202003906 1.46542962902e-15
438568042 2.47322454835 8.23554445488
439887974 1.7320787516 -0.577350323775
439887970 1.73200552337 -0.839097947704
439887978 1.73204453066 -0.363969872329
437529618 1.07235591062 -0.363970423736
437788686 3.07750714873 -0.839099629483
437788682 3.07751954895 -1.73205126981
439619626 1.73202003906 -2.78321641422e-16
439619622 1.73205975305 -0.176327419528
439621746 1.73202003906 -3.37433082138e-16
439621742 1.73206154133 -0.176327688954
439888970 1.73164593734 5.67128158841
439888974 1.73157894737 123456789
439626830 0.965651558074 123456789
439626834 0.965547200525 -5.67126069235
439626838 0.965608796427 -2.74747325251
439617578 1.73157894737 -7.6623038905e-16
439617570 1.73160944689 -0.363970055825
439617574 1.73160763035 -0.176326601061
439625870 0.96556908006 2.74747249571
439625874 0.965612432147 5.67127490896
438568998 2.47327263248 0.52484075819
438568994 2.47326192422 0.246475004586
438568990 2.47327293318 6.45599301089e-16
438833238 1.42814876318 0.246477469204
438833230 1.42814479016 -0.246477649386
438833234 1.42816266139 -1.53184124045e-05
438579222 0.839117434596 -0.52484055907
438579226 0.839121050463 -0.246481053793
438571054 2.4752443593 1.44875041676
438571050 2.47521362991 0.885917892908
438571058 2.47534631788 2.63676681951
438574174 1.42813319068 0.88592273114
438841390 2.47326612739 1.4487494093
438841394 2.47326387607 2.63675980957
439880842 0.965664581759 1.73205103182
439880846 0.965648155722 2.74747904962
438830106 0.839121157863 -0.24648073487
438840422 2.47329704368 2.6367866875
439626886 0.965638467498 1.19175269408
438573162 1.42821718999 8.23555548018
439879774 0.965670620001 -1.19175370629
439879770 0.965646412656 -1.7320498763
439879778 0.965669522403 -0.839099760835
439883810 0.965642284812 -0.363969744657
439883814 0.96564837076 -0.176327747737
439883818 0.965651558074 -4.21457540238e-16
438839346 2.47522365205 2.63676502993
438839342 2.4752725833 1.44875162506
439623762 0.965693981988 -5.67127943291
439623766 0.96564294137 -2.74747947457
439627866 0.965689165905 -1.7320532458
439627862 0.965528321014 -2.74747219498
439624778 0.965686108782 5.67127670009
439624774 0.9655954592 2.74747151702
439624770 0.965669266149 1.73205102882
437522498 3.07751687897 0.839100164341
437522490 3.07762055227 -1.56419260329e-16
437522494 3.07751079947 0.36397029354
437528638 1.07234944051 0.363969478932
437528634 1.07239790837 1.20635420557e-16
438841350 2.47345529309 -8.23575045962
437528630 1.07235279198 -0.363970415547
438569066 2.47290759787 8.23551308587
438569062 2.47331029497 2.63678785771
438841358 2.4732706059 -1.44875126894
437526558 1.73205951476 0.839099897536
437526554 1.7320490337 0.363970033315
437526550 1.73202003906 -3.18041713965e-16
437782586 1.07239790837 1.45326569963e-16
437782582 1.07235692807 -0.363970621712
439616522 1.73186336662 -5.67131911322
439616526 1.73162788861 -2.74747667879
438575118 1.42814887946 -1.44874935265
438575110 1.42824474399 -8.2357473024
438575114 1.4280685895 -2.63680194522
438578202 0.839119258196 -0.246480355606
438578206 0.839106578729 9.12382743252e-17
439616642 1.73160732106 0.839099807321
439616646 1.73159589765 1.19175352483
438840358 2.47325963793 0.524840517405
438840350 2.47327293318 3.24566135602e-16
438840354 2.47324967064 0.246474214
439884946 1.7320518031 5.67126535512
439884942 1.73205603906 2.74748018187
439617682 1.731485926 5.67128164648
438836306 1.42816285547 -1.58170061857e-05
438836302 1.42815303434 -0.246477788039
439886978 1.73208140347 0.839101464634
439886974 1.7320961054 0.577350484235
439886970 1.73205337658 0.363970322821
439620738 1.73206506655 0.839098359179
439620734 1.73207242622 0.577350209306
439620730 1.73205876317 0.363970643085
437785626 1.73204748673 0.363969960623
437785622 1.73202003906 -2.61501697351e-16
438573094 1.42814897908 0.524839716042
437781518 1.07235202595 -0.839099308042
437781510 1.07235992558 -5.67128970304
439881862 0.96567375823 1.19175416595
439881866 0.965674203516 1.73204972785
438567966 2.47327293318 -7.9167627559e-17
438567962 2.47326128095 -0.246480453714
439621666 1.73203963588 -0.363969915716
439621662 1.7320534543 -0.577352285054
437791794 3.07962269396 -0.839099664357
437791790 3.07708490984 -1.73205056546
438830186 0.839179523783 8.23561237161
437791798 3.07708752226 -0.363970445906
439885934 1.73205271703 -0.176327230039
439885930 1.73205688494 -0.363970345626
439885938 1.73202003906 0.0
437790778 3.07762055227 6.19810304356e-17
437525522 1.73204975768 -0.363970484374
437525526 1.73202003906 2.33249503587e-16
439889006 1.73161343589 -0.176327210748
439889002 1.73160774717 -0.363969908728
438833178 1.42815360606 -0.24648043043
438833170 1.42816229242 -0.885928304742
438833174 1.42815362979 -0.5248400137
439619730 1.73187828931 5.67128816781
438570022 2.47522079956 0.524840409722
438570026 2.47520828078 0.88591747439
438579306 0.838977139161 8.23554874808
438579302 0.83907549688 2.63678078911
438837270 2.47522121441 -0.524840465315
439618662 1.73210659756 -0.577351653701
438831138 0.839114295488 0.246473894023
438831130 0.839118719115 -0.246480911878
438831134 0.839106578729 -9.84397067378e-16
439624850 0.965662835727 5.67128082878
438835258 1.42814344381 -8.23590103588
438838378 2.47525790453 8.23556260614
438838370 2.47521074729 1.44874201137
438838374 2.47517805827 2.6367819483
439880770 0.965692939731 1.73205269973
439880778 0.965382171538 5.67124743482
438575190 1.42814981494 0.246477789873
438575194 1.42814806703 0.524836639076
438575198 1.42817395644 0.885923820269
438578282 0.839176464686 8.23556594089
437789758 3.07750977866 0.363969867286
437789750 3.07751334548 -0.363970563552
437789754 3.07762055227 8.85967526585e-17
439881790 0.965666334692 1.19175452052
439881794 0.965650216049 1.73204993574
439881798 0.965722025267 2.74748667389
439623686 0.965651558074 123456789
439618582 1.73209850448 -1.19175547344
439618586 1.73208044268 -0.839100410523
439617602 1.73163908844 1.73205151445
439617606 1.73154783705 2.74747587541
438832182 0.839166345358 8.23572571802
438832186 0.839002175498 -8.23590965414
439627790 0.96558610769 -2.74747487079
439627794 0.965634436413 -1.732050013
438837350 2.47521766099 2.63678078493
438837354 2.47511526644 8.23556326555
438576198 1.42819149471 -0.885924207929
438576190 1.42812681048 -2.6367799958
438576194 1.42815872738 -1.4487587218
439878786 0.965634042811 0.839098507615
438577242 0.839120810224 0.524837171256
438577246 0.839124636331 0.88592222665
439625734 0.965651558074 123456789
438574122 1.42816014583 0.885918306786
438574126 1.42813581355 1.44874845844
439622798 0.965665769952 2.74747720839
439627918 0.965652384174 2.74747666214
439627910 0.965644342278 1.19175426924
439627914 0.965656494669 1.73204981444
438832226 0.839101213312 1.44874080437
438832222 0.83912149412 0.885923256346
439889998 1.73157894737 123456789
439889990 1.73160803052 2.74747705622
439889994 1.73179329563 5.67129487021
437519426 3.07710024235 0.839100040735
437519422 3.08131031866 0.36396985995
439622762 0.965658601685 -0.363970541313
439622766 0.965648768191 -0.176326204772
439878722 0.965654855688 1.73205048093
439878726 0.965617403772 2.7474775435
437523530 3.07748278307 5.67126958759
439625750 0.96565757374 -1.19175358698
439625754 0.965621127219 -0.839098198857
437787666 1.73204924422 -0.363970060298
437783566 1.07235571357 -0.839100377977
437787662 1.73205719558 -0.839100285904
439620670 1.73203338387 1.1917530231
439620674 1.73208371975 1.73205110188
439620678 1.7321390447 2.74748650623
439882862 0.965649731829 -0.176326790361
439882866 0.965651558074 -3.19958132079e-15
439882802 0.965649966589 0.363969915885
439884830 1.73202017296 -0.577350650747
439884834 1.73206184526 -0.363970366221
439884838 1.73204962984 -0.176326945169
439882806 0.965661315042 0.577350219613
438836230 1.42821614806 -8.23574400081
438836234 1.42808695895 -2.63679959017
438836238 1.42814034202 -1.44874963421
437524518 1.73203059035 5.67128262369
437524514 1.732014535 1.73205119321
437524510 1.73205014717 0.839099251691
439890018 1.73155632573 -0.83909918383
439890010 1.73163147347 -1.73205081814
439890014 1.73160231463 -1.1917529304
437520426 3.07967353463 -5.67128684587
438568018 2.47327293318 1.07565569919e-15
438568010 2.4732668707 -0.524844660835
438568014 2.47326183787 -0.246477898743
439887946 1.73196053167 5.67125457241
439887942 1.73217106417 2.74747709114
437787706 1.73202003906 -2.4788585366e-16
439880734 0.965661803318 -0.577350043366
439880730 0.965627701777 -0.83909838698
439880738 0.965643279931 -0.363970396253
438573098 1.42813636557 0.885917140782
439619670 1.73204682168 -2.74747679852
439619674 1.73208023751 -1.73205069406
439619678 1.73205800655 -1.19175327927
439624834 0.96568964311 0.839100677423
439621710 1.73202003906 123456789
439621714 1.73198707024 -5.6712832445
439621718 1.73201494231 -2.74747373628
439625822 0.965650889126 -1.19175358769
439625826 0.965674224643 -0.839099738117
437524494 1.73204178084 -0.839099611426
437528582 1.07236641668 -5.67127981017
438838326 2.47517460181 8.23572973222
437529674 1.07238752624 5.67128996212
437529670 1.07233954458 1.73205099571
438579278 0.83911581114 -0.246477350503
438579270 0.839126339949 -0.885923461097
438579274 0.839118377527 -0.524843639722
438571066 2.47538801744 -8.23593278251
438571062 2.47559174779 8.23577569884
439880742 0.965652836008 -0.176327203315
438572082 2.47518782981 2.63676187237
438572086 2.47540859329 8.23576545448
437786666 1.73208275741 -5.67128512815
437786662 1.73202512758 5.67126281015
438834262 1.42815607949 0.246478146944
438834266 1.42814802763 0.524837021918
438841434 2.47325329598 0.524836752449
438841430 2.47325152386 0.246477085598
438841438 2.47324318625 0.885922415935
439621698 1.73211893121 1.73205162368
439621694 1.73205867441 1.19175378111
439621690 1.732063978 0.839099919424
438830178 0.839127276402 1.44874068786
438830174 0.839128529475 0.885922755782
438830170 0.839126754042 0.52483792231
438573114 1.42820071435 -8.23593006307
438837258 2.47514615021 -2.63680248189
438837254 2.47519950788 -8.23572149168
437781514 1.07234034571 -1.73205153742
439883842 0.965657411045 1.73204975922
439883846 0.965745347659 2.74748133489
439885870 1.73204905664 0.176327374485
439885874 1.73206167446 0.363971076667
439885878 1.73209130138 0.577350206225
439627818 0.965651558074 2.13105888725e-15
439627814 0.965649856844 -0.176326694322
439627810 0.965629600717 -0.363970127449
439882778 0.965632532414 -0.839099123023
439882770 0.965677039544 -1.7320517154
439882774 0.965653795875 -1.19175116142
439618698 1.73210994655 1.73205073714
439618694 1.73206824648 1.19175473332
439618690 1.73204020534 0.839099733256
438569058 2.47326996541 1.44874245307
438569054 2.47328538765 0.885923451049
438569050 2.47324933596 0.524836603653
438831182 0.839114733302 -0.246478217838
438831186 0.839106578729 3.45842805131e-16
438830182 0.839118451898 2.6367827439
439616578 1.73163092615 1.7320514168
439616570 1.73160938791 0.839100184079
439616574 1.73160037899 1.19175309426
437790770 3.07751789675 -0.839100218869
439619598 1.73217619808 -2.74747896129
437790774 3.07750326673 -0.363969766842
439888926 1.73165658267 -0.577350596965
439888922 1.7316044437 -0.839099508654
439626842 0.96565987685 -1.73205114687
439626846 0.96561462823 -1.1917528428
438840362 2.47326262015 0.885918304777
438840366 2.47326963596 1.44875104942
438832138 0.839103178079 -2.63680531738
438832134 0.83912413202 -8.23573512255
437527570 1.7320509787 -0.363970534257
437523470 3.07750988637 -0.839099841913
437523474 3.07750859752 -0.363969971314
437523478 3.07762055227 7.25284792783e-17
437785670 1.73200861755 1.73205050787
437785674 1.73200272233 5.67127616072
437781542 1.07238048119 5.67128212898
437781546 1.07233445454 -5.67127298597
439622694 0.965655246149 -0.176327474165
439622690 0.965662756291 -0.36397084353
439622698 0.965651558074 -8.33279575199e-16
439881850 0.965652854717 0.363969846797
439881854 0.965653936529 0.577350176304
439881858 0.965658858516 0.839099862759
439880814 0.965646103234 -0.17632703181
439880810 0.96565063331 -0.363968819692
439880818 0.965651558074 3.69354081781e-16
437521446 3.07758088239 5.67128753794
439885946 1.73205295336 0.363970041043
439885942 1.73204932895 0.176327265141
437789706 3.07750767214 -1.73205059086
439620626 1.73207052747 -1.73205157636
439889926 1.73157894737 123456789
438574086 1.42811910531 -8.23570398879
439879726 0.965650472906 0.176327143838
439879722 0.965651558074 -3.22596719586e-15
437530674 1.07234554068 -0.839098843305
438839318 2.47522757587 -0.524840587842
438839314 2.4752437423 -0.885928850866
438839310 2.47521088321 -1.44874796128
437783590 1.0723524926 5.67128506699
437787674 1.73204533022 0.363970094974
437783594 1.0723433203 -5.67127668872
437787678 1.73205044705 0.839099439592
437783598 1.07238274312 -1.73205026318
439623734 0.965653959702 0.577350366398
439627894 0.965655730888 0.176327236075
439623730 0.965657457042 0.363970257762
439623738 0.965654858778 0.839101187145
439627898 0.96565286486 0.363971264277
439618614 1.73209427401 0.577350489768
439618610 1.7320549048 0.363970999792
439618618 1.73203459728 0.839099920486
439626766 0.965674413539 -2.74747160671
439626762 0.965559489987 -5.67124448424
439624726 0.965639960771 -1.19175198705
439624722 0.965675643214 -1.73205113279
437522442 3.07750460802 -1.73205064318
437522446 3.07750454379 -0.839099523719
437782550 1.07239790837 4.48201924714e-16
437782554 1.07235613158 0.363970459155
437782558 1.07235512194 0.839100337667
439878686 0.965647323813 -0.577349695271
439878682 0.965648923396 -0.839099705611
438575146 1.42816673431 0.885919006401
438575142 1.42815963404 0.524840701733
437521458 3.07750591626 -0.839099524954
437521450 3.07751510301 -5.67128265148
437521454 3.07750054668 -1.73204975483
438578278 0.839164194576 2.63678645143
438578270 0.839129994642 0.885922828186
438578274 0.839101512134 1.44873927769
439887998 1.7320841273 0.577349951231
439616638 1.73164034074 0.577349735144
439887990 1.73205292269 0.176327393357
439616630 1.73160379244 0.176326781265
439887994 1.7320661763 0.36397095939
439616634 1.73161878854 0.36397062796
439881766 0.965652615513 -0.176326862379
439886926 1.73202003906 123456789
439886922 1.73205957287 5.67127851336
437784582 1.73204653 -5.67127909111
437784586 1.73208251254 -1.73205054833
438577210 0.838969287951 -8.23589477688
438577214 0.839142077993 -2.63678298624
438577218 0.839114316866 -1.44875714373
439879690 0.965810335572 -5.67129890615
439879694 0.965746990383 -2.74747862073
439879698 0.965675868907 -1.73205244045
438574170 1.42816557518 0.524837519828
438574178 1.42816628781 1.44874177879
437790726 3.07759494913 -5.67128869821
438838286 2.47516828574 -1.44874756702
438838282 2.47518822095 -2.6368024118
437525558 1.7320509048 -0.363970199821
437525550 1.73208111852 -1.7320503328
437525554 1.73205821923 -0.839100583614
438570058 2.47521791086 -0.524843664402
438570054 2.47522752658 -0.885923170012
437792822 3.08132425321 -0.363970471149
437792826 3.0771978022 9.64002774723e-18
439625810 0.965691663954 -5.67130110515
439625814 0.965614812757 -2.74747047789
437519418 3.0771978022 3.91609945761e-17
437519414 3.08132317776 -0.363970708029
437519410 3.07709230828 -0.839099679259
439879810 0.965650440739 0.839099226934
439879814 0.965638382619 1.19175471431
438839394 2.47519671163 1.44874102334
438839390 2.47523163279 0.885922890613
438839398 2.47518153374 2.63678107082
437788742 3.07751013574 1.73205074486
437788746 3.07743117563 5.67127637665
439878770 0.965651558074 -1.45065638413e-15
439878774 0.965649755499 0.176326843264
439878778 0.965650136056 0.363970545744
439622790 0.965630607842 1.19175276433
439622794 0.965679120013 1.73205211819
439883798 0.965640950244 -1.1917525026
439883794 0.96567019291 -1.73205144653
439883790 0.965545905 -2.74747442199
439620682 1.7322967007 5.6712921698
439620686 1.73202003906 123456789
438835206 1.42824132145 -8.23573975154
439620646 1.73205216612 -0.176327106715
439620642 1.73204735563 -0.363970398152
438838322 2.47530814897 2.63676550166
439884806 1.73202003906 123456789
437524526 1.73209045243 -1.73205103691
437524522 1.7320294366 -5.67127738744
439618666 1.73203881083 -0.363969501077
439890042 1.73158990161 0.363968809965
439890046 1.73163879681 0.577350002344
437520418 3.07963078982 1.73205161406
437520414 3.07711565514 0.839100362007
437520410 3.07962214133 0.363970086462
439627874 0.965652153243 -0.839099564003
437784618 1.73200528278 -5.67127551852
437784614 1.7320505094 5.67128575239
437784610 1.73200998325 1.73205118019
439887910 1.73205000756 -0.176326643453
439887914 1.73202003906 -7.53730973366e-16
439887918 1.73204864845 0.176326779858
438578182 0.839211077706 -8.2357788608
438578186 0.839118679931 -2.63680704374
437789702 3.0774991509 -5.6712835539
437530678 1.07235424119 -0.363969492919
437530670 1.07238950304 -1.73205123128
439625758 0.965649607522 -0.577349941438
439617658 1.73159401392 0.363969879914
439617654 1.73161707966 0.176327935584
439617650 1.73157894737 -2.07560468818e-15
439624802 0.96565582685 -0.839100224857
439624806 0.965647242085 -0.577349968484
439619682 1.7320581725 -0.839099750398
439619686 1.73204643013 -0.57734899196
438579246 0.839136930396 1.44875106358
438835250 1.42816108198 2.63676307328
438571030 2.47524062741 -0.52484071167
438835254 1.42820495866 8.23574790848
439626890 0.965628216718 1.73204836709
439626894 0.965655814916 2.74747937596
439626898 0.965645486418 5.67127825417
439625818 0.965699956457 -1.73205211348
438837322 2.47521769481 -0.524843890206
438837326 2.47522932783 -0.246478155582
437519374 3.08134240121 -0.839100196611
437519370 3.07707649338 -1.73205047073
437519378 3.0770882442 -0.363970274278
438573062 1.42810953216 -8.23572429984
438573066 1.42814158014 -2.63680323986
437526602 1.73201950279 5.67127378931
437529606 1.07242166832 -5.67130404435
438579242 0.839115545036 0.885917153522
438571034 2.4752259239 -0.246480529182
438571038 2.47523518078 -2.96211558727e-16
