# detid average_r2s y_intercept_low_hits slope_low_hits y_intercept_high_hits slope_high_hits
# detid z x y
438567950 2.47558739733 -1.44873460486
438577198 0.839105526384 1.44875469782
438567954 2.47580658824 -0.885930047028
439619666 1.73234455993 -5.67123654519
438567958 2.47591988986 -0.524838716203
438577190 0.839072563936 0.524840434495
438577194 0.839025565182 0.885914336445
439624738 0.965737599384 -0.363970994185
438573074 1.42815088403 -0.885932260148
437522454 3.48786520328 -1.4232304327e-15
438573070 1.42810300244 -1.44875807971
437522450 3.48783737355 -0.363969485214
438572070 2.47496730907 0.524836747528
438573078 1.42815272577 -0.524840380839
437522458 3.48782405375 0.363968981135
439624730 0.965715123217 -0.839100824475
439880838 0.9657255951 1.19175258853
439627810 0.965716451446 -0.363972015811
439880834 0.965667233189 0.839097816316
439880830 0.965737938207 0.577353111487
438573098 1.42815261134 0.885916138882
438573090 1.42813585138 0.246473514417
439624734 0.965690936057 -0.577350976529
438573094 1.42814946267 0.524843264126
439619718 1.7317903846 1.19175102935
439621702 1.73300485281 2.74753067905
439621706 1.7334178877 5.67142339118
439619710 1.73211495862 0.577352220263
439890006 1.73129242006 -2.74751609515
439887946 1.73166214601 5.6710690263
439619714 1.73209992487 0.839095120672
439890002 1.73079306264 -5.67122657208
439887942 1.73139944041 2.74743947679
438578222 0.839011872367 1.44873838213
438578226 0.839273582835 2.63677642966
439618694 1.73187748407 1.19174973563
438832174 0.839138223743 1.44875178798
438832170 0.838964575566 0.885910647834
439621674 1.73210633947 -1.75929692088e-15
439618690 1.73196598731 0.839098651831
439621670 1.73206403251 -0.17632827723
437791782 3.48867001641 5.67129246903
438839318 2.47503096271 -0.52484132264
437791786 3.48718555506 -5.67127115517
438839314 2.47500701328 -0.88592839638
438839310 2.47497983798 -1.44875315125
439887898 1.73205218747 -0.839104334319
439887894 1.73214510327 -1.19175536305
439887890 1.73198143235 -1.73204785761
439620658 1.73201719328 0.363970880573
439886962 1.73210633947 9.99004747022e-16
437791818 3.48712045251 5.67127976397
439886966 1.73207224568 0.176328383671
439620650 1.73210633947 0.0
437791810 3.48730779432 0.839099488456
439620654 1.73205642278 0.176325923272
437791814 3.48837131098 1.7320508394
439620722 1.73210633947 9.51826633874e-16
437783602 1.07231285295 -0.839098899494
439620726 1.73209975681 0.176327770894
437783606 1.0723493988 -0.363968262676
439889930 1.73153559891 -5.67124463913
439889934 1.73216297956 -2.74751712463
437788722 3.48781807726 -0.839098761509
437788726 3.48783088383 -0.363971809935
437790786 3.48783245721 0.839097757894
437790782 3.48784856613 0.363970091856
437787706 1.73210633947 -1.66622421191e-15
437787702 1.73205637606 -0.363969157955
437786654 1.73202305182 0.839096109307
438572078 2.47542878989 1.44876207026
437786650 1.73204557017 0.363972030074
439882846 0.965691909563 -1.19175284199
437786658 1.73202994871 1.73205003149
437529610 1.07241779051 -1.7320520801
437529614 1.07232946158 -0.839096769882
437529618 1.07235212329 -0.36396991119
438574186 1.42967780212 8.23579346862
438574182 1.42778306726 2.63676159552
439880734 0.965707867837 -0.577350242444
439880730 0.965898919655 -0.839104731084
438834182 1.42822558672 -8.23594519161
439624782 0.965707178394 123456789
437791762 3.48725887823 -0.363970149814
438834186 1.42838670027 -2.63682051457
437791766 3.48840445269 -2.20571609318e-15
437787670 1.73210633947 -1.04592725347e-15
437783590 1.07226335631 5.67128351964
437787674 1.73205492005 0.363971693706
437783594 1.0724777676 -5.67129706529
437787678 1.73207233459 0.839099087538
437783598 1.07238577622 -1.73205117836
438572074 2.47502268921 0.885912889511
439884854 1.73197448852 0.577346340701
439884850 1.73198844977 0.363972186095
439884858 1.73213703613 0.839106115734
439623734 0.96565110754 0.577350518003
439627894 0.965690477994 0.176325841444
439623730 0.965661930008 0.363968520325
439627890 0.965707178394 4.60138118876e-16
438840334 2.47531451553 -1.44873381547
438830126 0.839119037298 1.44875692997
438840330 2.47606585878 -2.63683859063
439627898 0.96570017048 0.363970883391
438834230 1.42786198353 8.23572165395
438579250 0.839235107342 2.63676744015
437526546 1.73205197648 -0.363971506319
438834234 1.42872818789 -8.23604218627
438579254 0.838132842537 8.23543320326
439880798 0.96578467756 -1.19176135922
438834238 1.42821487724 -2.63678182305
438579258 0.839446207859 -8.23593724268
439881734 0.965707178394 123456789
439622738 0.966123573668 -5.67132065646
439881738 0.967275002456 -5.67143266913
438568026 2.47582701015 0.524836541195
437787682 1.73203273321 1.73204888034
439622730 0.9659159654 5.67118087706
437784650 1.73211643893 5.67136362359
438569998 2.4749924519 -1.44875379246
439880790 0.965507910272 -2.74746354577
438569994 2.47473014457 -2.6367765076
438569990 2.47515293016 -8.23572338402
439880794 0.965647658421 -1.73204693498
438572114 2.47503696122 3.96272824989e-15
437781518 1.07235318562 -0.839096320348
438572110 2.47500212085 -0.246478003972
437781510 1.07252652786 -5.67136664284
438572118 2.47504174982 0.246477667532
437781514 1.0723761018 -1.7320512784
437782542 1.07234925412 -0.83909724847
438568978 2.4757137754 -0.88592392583
437782546 1.07235918155 -0.363969580989
438568974 2.47569574169 -1.44874418988
439625834 0.965748769184 -0.363972053783
438568970 2.47576349043 -2.63680150048
439618618 1.7318443186 0.839093461512
438833182 1.42813637377 1.40441518519e-15
437785634 1.73204077341 1.73205109944
438833186 1.42816171915 0.24647601984
437785630 1.73203870062 0.839098263083
439887986 1.73210633947 -4.10517312808e-15
437785638 1.73205358947 5.67126795196
439626766 0.96601238606 -2.74752597475
439626762 0.966065084959 -5.67144068515
438575122 1.42811250622 -0.885921370244
439885834 1.73285696339 -5.67121513949
438575126 1.42808767979 -0.524837286108
438576234 1.42725523216 8.23546888992
439881862 0.965446833153 1.19173992722
438576230 1.42807071804 2.63678965917
439881866 0.965664892553 1.7320494319
438567966 2.47588168373 -1.37519969631e-15
439619670 1.73164454527 -2.74747413698
438576166 1.42811078207 0.524837849662
438567962 2.47584441557 -0.246482248917
439619674 1.73212406925 -1.73205006388
438576162 1.42812879129 0.246475695829
439624726 0.965569983844 -1.19175021841
439885830 1.73210633947 123456789
438577182 0.839107947278 -1.42349501802e-15
437522442 3.48778387761 -1.73204801657
439625750 0.965505729258 -1.19175630777
437522446 3.48782213477 -0.839100413336
439624838 0.965926686974 1.19175659748
439624830 0.965715801908 0.577353678178
438572066 2.47500217562 0.246475478933
439885838 1.73212360563 -2.74749155083
439624834 0.965596540841 0.839097657406
438572062 2.47503696122 5.39281275552e-16
437525538 1.73206558854 1.73205257296
439625754 0.965776105059 -0.839102845441
438841446 2.47539237238 2.63676422111
437525534 1.73203615058 0.839097397071
439889018 1.7314976227 0.363970576499
439889014 1.73145431979 0.176326805166
439889010 1.73151618399 -3.28650006344e-15
439883898 0.96572257285 0.363970593533
439883890 0.965707178394 2.69916358633e-15
439883894 0.965719345542 0.176325920089
438833162 1.42826350024 -2.63680170657
438833166 1.42821586894 -1.44875192685
439621710 1.73210633947 123456789
439621714 1.73147487312 -5.67121647981
439619702 1.73206981675 0.176327722655
439621718 1.7319877757 -2.74748710909
439619706 1.73209961365 0.363974002344
439887950 1.73210633947 123456789
438578254 0.839071162621 -0.246473409383
438578250 0.839013794106 -0.524839733544
438578258 0.839107947278 1.5440350184e-15
438833214 1.42801396984 -2.6367670151
437529674 1.07217984984 5.67129337289
438832166 0.839090976346 0.524840265321
438832162 0.839083419984 0.246478076488
439621666 1.73206371797 -0.363974262168
438833210 1.42815496417 -8.23580935183
439621662 1.73197023095 -0.577347079462
437791794 3.48723564134 -0.839098324805
439616586 1.73199444716 5.67127775394
437791790 3.48827194128 -1.73205170809
437529670 1.07241605506 1.73205337806
439616582 1.73103241893 2.74745143622
438830186 0.83889205203 8.23582836185
438830182 0.839012723762 2.63676030172
439887882 1.73200776403 -5.67126726807
439887886 1.73186782256 -2.74747899575
439886914 1.73187362403 1.73205051614
439886910 1.73181176612 1.19174944524
437791806 3.4883701877 0.363971364234
439620626 1.73199759701 -1.73204980968
439886918 1.72994339454 2.74739499428
437791802 3.48732612056 5.37438734258e-16
439620622 1.73175211642 -2.74746875296
439620754 1.73265139968 5.67130501229
437783610 1.07240129935 4.25961355942e-16
439620750 1.73211564815 2.74748484765
437783614 1.0723584232 0.363967668013
437783618 1.07233325896 0.839096379937
439885938 1.73210633947 1.81242925476e-15
437788734 3.48783490673 0.363970822234
437790770 3.48779865321 -0.839098111534
437788730 3.48786520328 -2.05971105142e-15
437790774 3.48776851796 -0.363966902477
437790778 3.48786520328 7.38462473235e-16
437788738 3.48782593327 0.839100610526
438570034 2.47515163521 2.6367660691
437786646 1.73210633947 2.69574997258e-15
439616614 1.73142898483 -0.5773506049
437786642 1.73203489868 -0.363969227419
439616610 1.73150687061 -0.839099773977
439882858 0.965727008904 -0.363970780672
439616618 1.73149063325 -0.36396999468
437529666 1.07236235784 0.839100387884
437529662 1.07235463789 0.363969987836
439880722 0.96582372089 -1.73206130994
439880726 0.965750220784 -1.1917534822
437791778 3.48710683526 1.73204779347
437792842 3.48692278821 5.67118925007
439878694 0.96568629017 -0.176326678315
437791770 3.48727180399 0.363968042934
439878698 0.965707178394 2.01975464522e-16
437791774 3.48830773149 0.839097024266
437530634 1.07240609975 -1.73205336453
437783586 1.07239923277 1.73205166156
439882854 0.965693740725 -0.577350380831
437530638 1.07237097014 -0.839100966608
439878678 0.965856562464 -1.19175145632
439623702 0.965656673023 -1.19174641113
439627882 0.965746581764 -0.363970478256
439623706 0.965581514839 -0.839096211272
439627886 0.965706364272 -0.176326889306
438571018 2.47481838296 -2.63679699025
438579266 0.839102114035 -1.44875335233
438834246 1.42807009102 -0.885917545801
438579262 0.838918748995 -2.63676517503
438834242 1.42793019065 -1.44874546042
438571014 2.47564887597 -8.23579223068
438837314 2.47520306016 -1.44876222237
438568030 2.47575260803 0.885918595581
439881746 0.965693712433 -1.7320572873
438568034 2.47595933524 1.44874217937
439881742 0.965307776218 -2.74745879331
438568038 2.47566145624 2.63678192634
439622722 0.965731529928 1.73205059459
439624850 0.965744402415 5.67136095013
437520398 3.48846319569 -0.839102164632
438837310 2.47503593337 -2.63678587667
439879794 0.965707178394 -2.43876033709e-16
437784646 1.73201362088 1.7320467454
437784642 1.73206272931 0.839102864717
439879790 0.965707139794 -0.176326443204
439878662 0.965707178394 123456789
438837318 2.47527655734 -0.885926636179
439884862 1.73183966571 1.19175296979
439884866 1.7321113048 1.73205016012
439621678 1.73205403526 0.176324073901
437524498 1.73202582438 -0.363969237085
437782550 1.07240129935 -3.40315547422e-15
437782554 1.07236263023 0.363970466655
438568966 2.47669298372 -8.23585126457
437524490 1.73199440728 -1.73204580147
437782558 1.07236560884 0.839101398746
437524494 1.73208030769 -0.839099079172
438833194 1.42815904218 0.885918723167
439626758 0.965707178394 123456789
438833190 1.4281514298 0.524840250189
438833198 1.42817659987 1.44875468709
439619662 1.73210633947 123456789
438832178 0.839244119948 2.63677661228
438575154 1.42846991545 2.63679105366
438575150 1.42816251955 1.44875023194
438576226 1.42824003544 1.4487434499
439881814 0.966026224802 -2.74746833417
438576222 1.42824982654 0.885928670614
438575158 1.42768814771 8.23552446808
438577170 0.839110963205 -0.885929885227
438576174 1.4281023786 1.44875075526
439619642 1.73180178035 0.839095274476
438576170 1.42819781425 0.885916966346
438577178 0.839084453726 -0.246481785198
438576178 1.42810192356 2.63676048257
437521470 3.48785271942 0.363972495519
437522438 3.4881225381 -5.67131573553
438572090 2.47563562111 -8.23589052137
438572094 2.47470220027 -2.63677349558
438572098 2.4749910531 -1.4487564902
439618602 1.73210633947 -3.90267666913e-16
437521442 3.48770603361 1.73204760256
439618606 1.73205103874 0.176325948706
437521446 3.4879412142 5.6713196298
438841450 2.47656173348 8.23571521225
437525522 1.73202762727 -0.363966843146
437525526 1.73210633947 4.22593065359e-15
437524502 1.73210633947 -6.20854190861e-16
439889006 1.73146184803 -0.176326213258
439889002 1.73150714665 -0.363971705639
439625870 0.966055531828 2.74752155088
439883886 0.965726796936 -0.17633025505
439883882 0.965710812142 -0.363968556497
437524506 1.73205424558 0.363969190509
438567978 2.47582822182 0.885915987935
438833178 1.42815580873 -0.246483065011
438567970 2.47591931225 0.246478072194
438833170 1.42830366354 -0.885934286347
438567974 2.47581687035 0.524837021222
438833174 1.42816873746 -0.524841723762
439621726 1.73190122819 -1.19174946054
439621722 1.73208355834 -1.73205292784
438577222 0.839073939998 -0.885922459627
439619730 1.73301609749 5.67135597205
438578246 0.839135200809 -0.885923192589
438831110 0.838512134554 -8.23556647742
438578242 0.839097649492 -1.44875970757
438831114 0.839151285416 -2.63681247415
438831118 0.839013987826 -1.44874639381
438832158 0.839107947278 -1.1484669127e-16
438832150 0.839083810872 -0.524840433417
438832154 0.839093198199 -0.246482285544
439621650 1.73204665257 -1.73205854328
439621654 1.73209347903 -1.19175753122
439621658 1.73227198184 -0.839110422741
437528586 1.07237548379 -1.73204743874
439616594 1.73265545277 -5.67140351688
437528582 1.07228949934 -5.67130689796
439616590 1.73151618399 123456789
438568042 2.47609594934 8.23566308775
439616598 1.73166883358 -2.74747462837
438576134 1.42883818123 -8.23574184367
439886906 1.73220749659 0.839098670998
439886902 1.73199907277 0.577349018292
438835298 1.42811823589 1.44873893998
439620638 1.73207280073 -0.57735127942
438835294 1.4281343288 0.885925442018
439620634 1.73214761896 -0.839101059818
438835290 1.42818281934 0.524840186228
439620630 1.73180055136 -1.19174950211
439620746 1.7322849913 1.73205685318
437783626 1.07236051407 5.67124522809
439888998 1.73149389155 -0.577351082275
439620742 1.7324210124 1.1917614266
437783622 1.07238008491 1.73205254407
439888990 1.73144640749 -1.19174983933
439888994 1.73130586599 -0.839100880148
437790762 3.48860214121 -5.67137488107
438830086 0.838676591018 -8.23563628393
437790766 3.48769277091 -1.73205029273
438570022 2.47493787064 0.524834486167
438570026 2.47471925861 0.885906675388
437786678 1.73206153295 -0.363972315037
438839382 2.47501128394 0.2464767776
437786670 1.73204404468 -1.7320504279
437786674 1.73203605619 -0.839097549998
439616606 1.73138023632 -1.19175264585
439882826 0.964475758036 5.67116131569
439616602 1.73147224444 -1.73205548016
439882822 0.966387947053 2.74746885282
439616562 1.73150573556 0.363971196946
438579306 0.839143817083 8.23550391657
439883854 0.965707178394 123456789
439880758 0.965719594506 0.577350496233
438579302 0.839080395121 2.63677560657
439880754 0.965669979943 0.363968187249
439880750 0.96571674789 0.176325417138
438830158 0.839070543679 -0.246475705107
439878686 0.965721152527 -0.577350101058
437788698 3.48783713017 0.363972246034
439878682 0.965713982641 -0.839103574767
438830150 0.8390630839 -0.885922014462
437788690 3.48781578448 -0.363969449151
438830154 0.839034385341 -0.524842162246
437788694 3.48786520328 -5.21132121408e-16
439885902 1.73210633947 123456789
439885906 1.73039681821 -5.67126117401
439622666 0.965490530283 -5.67134007789
439623718 0.965684790269 -0.176326689263
439622662 0.965707178394 123456789
439623714 0.965731614252 -0.36397482821
439623710 0.965711766269 -0.577353126292
439879798 0.965715649898 0.176328898464
438579278 0.839067438794 -0.24647811274
439885926 1.73208132809 -0.57734994352
439624846 0.965480961254 2.74743225854
438579270 0.839051856359 -0.885920191176
439883858 0.965123374909 -5.67121288639
438579274 0.839060651786 -0.524844044053
438834254 1.42812783622 -0.246478047604
438834250 1.42818389814 -0.52484674924
438571066 2.47591731571 -8.23606077281
438834258 1.42813637377 -1.15532639854e-15
438571062 2.47396177531 8.23563915177
439885882 1.73212591733 0.839102927136
439881754 0.965634739882 -0.839095942774
439622710 0.965658640666 0.577347827352
439881750 0.965656286422 -1.19175297542
439622714 0.965632188841 0.839095024915
439622718 0.965522304586 1.1917507587
439881758 0.965677400851 -0.577349412461
438577238 0.839085864713 0.246477378152
439884878 1.73210633947 123456789
439884874 1.73114319496 5.67123095942
438574142 1.42819277043 -2.6367994396
439884870 1.73174426537 2.74742790577
438574146 1.42822013587 -1.44876521659
437782566 1.07251245707 5.67133031565
437785618 1.73206845076 -0.363971313288
437782562 1.07241528556 1.73205463282
437785614 1.73204461466 -0.839098274933
437524486 1.73186792004 -5.67125091866
439624842 0.965789410584 1.7320559148
438575146 1.42821552201 0.885922723845
438837290 2.4748794699 0.885916064003
438575142 1.42816411838 0.524841092222
438837294 2.47521491808 1.44875008462
439881806 0.965707178394 123456789
438837298 2.47474572845 2.63675388567
439881802 0.96552497711 5.67124187548
438577162 0.839258156841 -2.63682433469
438840426 2.47571679898 8.2356441981
439618702 1.73285344715 2.7474842281
438577166 0.839089718776 -1.44874617667
438573134 1.42814749155 -0.246475717948
439618706 1.73149187195 5.67130485327
438573138 1.42813637377 5.64718560673e-15
438837278 2.47503696122 -1.89798966928e-15
438830102 0.839123112312 -0.524845035197
438837274 2.47501118251 -0.246477792554
438572082 2.47529367407 2.63677505602
439617554 1.7315251198 -1.73205028632
437521458 3.48784575959 -0.83909849487
438572086 2.47528966622 8.23577698444
439617550 1.73114920171 -2.74747972923
438836278 1.42837040432 8.23576955732
439618674 1.73210633947 -1.06326235241e-14
437521450 3.48787194468 -5.6713158731
439618670 1.73207627587 -0.176331487618
438836270 1.42808225111 1.44874386357
438841426 2.47588168373 2.70234769023e-15
438841422 2.47584042099 -0.246477193932
437525514 1.73206110824 -1.73205075258
437525510 1.73207632771 -5.67124828077
439889030 1.73166094184 1.1917592111
439889034 1.73149346537 1.73205392091
439889038 1.73171190822 2.74748100576
439625850 0.965686824213 0.363967382627
439883870 0.965526789428 -1.19174541681
439883874 0.965521554495 -0.839090159023
439883878 0.965673916871 -0.577348774918
439619658 1.7330055051 5.67142701707
439619650 1.73209595048 1.73205600442
438576142 1.42805205617 -1.44874745877
439619654 1.73177565507 2.74745365866
438576146 1.4282666965 -0.88592883208
439887974 1.73197409386 -0.577347719726
439619722 1.73211964885 1.73205085325
438578278 0.839261142861 2.63678411507
439887970 1.73206739786 -0.839101467092
439619726 1.73175286019 2.74747834827
437785610 1.73203707913 -1.73205180675
438577230 0.839086573244 -0.246479690577
438578270 0.839117220313 0.885924515507
439887978 1.73204512641 -0.363970898215
438577234 0.839107947278 9.85310091444e-16
438578274 0.839023178971 1.44874385953
438831126 0.839127320268 -0.52483975439
438831122 0.839127945854 -0.885930510131
438832146 0.839089826196 -0.885928643403
438832142 0.839189519429 -1.44875684816
439882842 0.965840198828 -1.73204862837
439621646 1.73239493731 -2.74751683324
439621642 1.73282621318 -5.67123892862
439878666 0.965415852283 -5.67132624205
438569010 2.47620574714 2.63675665469
437527606 1.73205082858 -0.363969773465
438569014 2.47696342297 8.23595733874
437527602 1.73207233733 -0.839097953188
438569018 2.47556228175 -8.23589440211
439886930 1.73276109187 -5.67123722033
439886934 1.73223037068 -2.74750961268
439621738 1.73203473903 -0.363972267706
439621730 1.7321371918 -0.839105170806
439621734 1.73209987654 -0.577351175134
438830098 0.839090689755 -0.885923457641
439889966 1.73143096146 0.176321951843
439889962 1.73151618399 -2.39802466545e-15
438830090 0.839117613449 -2.63680152604
439888986 1.7312983972 -1.73204775165
438830094 0.838976367821 -1.44874589219
439888982 1.73130396985 -2.74745951044
437790754 3.48768669198 1.73204930155
438570018 2.47500097507 0.246474487035
438570014 2.47503696122 -5.26445135471e-16
438570010 2.47493284243 -0.246479737034
439887998 1.73204417906 0.577349486141
439616638 1.73143559255 0.577346116014
437786666 1.73196331003 -5.67128440231
439616630 1.73150012901 0.176328380818
437786662 1.73226191879 5.67130026561
438833234 1.42813637377 -7.29095645968e-16
437528598 1.07240129935 3.90107345281e-16
439882834 0.964649348295 -5.67127046383
439882830 0.965707178394 123456789
437528590 1.07237636544 -0.839099735799
437528594 1.07234586099 -0.363969829357
439882838 0.966030311407 -2.7475090359
437529642 1.07240030712 -5.6712725893
437529646 1.07235245416 -1.73205002473
439880746 0.965707178394 -1.23132350449e-15
439880742 0.965719338801 -0.176325885668
437791750 3.48874141569 -5.67140153254
437791754 3.4873312062 -1.73205387688
437791758 3.48830905499 -0.839096164871
437788686 3.48778441363 -0.839099015935
438830146 0.839041599796 -1.44875304725
437788682 3.48788966533 -1.73205411815
438576210 1.42813637377 -3.03044871776e-16
439885918 1.73204364174 -1.19174954497
439885914 1.73210864112 -1.73204943474
439885910 1.73126935886 -2.74743965651
439879786 0.965709157977 -0.363969159405
439879782 0.965663794666 -0.577348381193
438576214 1.42813426331 0.246476143838
438834262 1.42815831904 0.246477674047
438579206 0.838695875742 -8.23566021358
438834266 1.42811671442 0.524836847624
439890026 1.73144306843 -0.363971692847
438576218 1.42821301509 0.524842463742
438571078 2.47513945495 -0.88592571664
439887926 1.73203271837 0.57735040939
439881762 0.965721154399 -0.36397228998
438571074 2.4752856625 -1.44877062945
439878786 0.965595207556 0.839100709626
439881766 0.965688002831 -0.176326599723
438571070 2.47506121506 -2.63678045822
439878782 0.965645390699 0.577349351929
439622706 0.965833096892 0.363981600723
439626822 0.965433327655 2.74746309698
439622702 0.965737792158 0.176329921661
439626826 0.966135622214 5.67135288117
439887922 1.73211462546 0.363972091966
439625734 0.965707178394 123456789
438573130 1.42813630153 -0.5248432914
439625738 0.966267531038 -5.67125010219
439886890 1.73210633947 9.38225383275e-16
439880738 0.965681281351 -0.363969441016
439886894 1.73202560447 0.176325049068
439622678 0.965986100533 -1.1917631403
438574158 1.4281517573 -0.246478384733
439884882 1.73165173627 -5.67123829685
439884886 1.73192213137 -2.74750100774
439622670 0.965724066765 -2.74748407423
438574150 1.42814668208 -0.885925609076
439622674 0.965905225817 -1.7320681925
438574154 1.42814955947 -0.524845308052
439625846 0.965714146293 0.176327075012
439625842 0.965707178394 0.0
438575178 1.42818117972 -0.524846764827
438575170 1.42826534865 -1.44876161273
438575174 1.42816114484 -0.885922110365
438577226 0.839095955585 -0.524845476667
438576206 1.42814785572 -0.246477299645
439881830 0.965624563173 -0.577349759492
438576202 1.42815527494 -0.524842318533
438830142 0.838959135401 -2.63676363932
439881838 0.965708776883 -0.176328351285
438573122 1.42815118765 -1.44876102283
438573126 1.42808731386 -0.885918688342
438577158 0.839071172071 -8.23578253995
438837270 2.47502413542 -0.524840844101
438837262 2.47502479889 -1.44875653177
438837266 2.47489830587 -0.885923712043
437782578 1.0724146172 -0.83910097811
438836242 1.42807555218 -0.885925524784
438579286 0.839090577446 0.246478942963
439617542 1.73151618399 123456789
438836246 1.4281263606 -0.52484115313
437782570 1.07233485799 -5.67123641151
437521466 3.48786520328 1.93148713208e-16
437782574 1.07239399134 -1.73205162452
437521462 3.48782694405 -0.363971290643
438841434 2.47580136141 0.524837118205
438841430 2.47586435583 0.246476996605
438841438 2.475953006 0.885926223595
439889026 1.73137519127 0.839095902551
439889022 1.73138552391 0.577348685203
439883862 0.965530814349 -2.74746852055
439883866 0.965781802872 -1.73205354194
438576158 1.42813637377 -3.69598536268e-15
438576154 1.42814376098 -0.246480021978
439619626 1.73210633947 5.08340655371e-16
438576150 1.42814162458 -0.524840520294
439619622 1.73201737138 -0.176322783883
438831138 0.839079133489 0.246472507566
438840338 2.47580311338 -0.88592326455
438831130 0.839089447703 -0.246482286218
438577206 0.83942250795 8.23579441552
438578266 0.839046542566 0.524832690025
438831134 0.839107947278 2.91667305623e-15
438577202 0.839169628402 2.63678414961
438578262 0.839097195448 0.246478772887
437526594 1.73202096481 0.83909677249
439623738 0.965705127639 0.839092868178
439618678 1.73207195114 0.176327917555
439878802 0.966407749619 5.67132113804
439621698 1.73219578083 1.73205927213
439621694 1.73166148825 1.1917431652
438836274 1.4282504522 2.6367614893
439621690 1.73201135619 0.839100567829
438569002 2.475811568 0.885915620759
437527614 1.7320435082 0.363968076239
438569006 2.47588404786 1.44874894445
437527610 1.73210633947 1.878136948e-15
439886926 1.73210633947 123456789
437527618 1.73212502371 0.839103796663
439617558 1.73107017257 -1.19174733127
439620614 1.73210633947 123456789
437521454 3.48768694058 -1.73205021056
439621746 1.73210633947 3.32346042873e-15
439620618 1.73209437035 -5.67115530487
439621742 1.73207859846 -0.176330647592
439888970 1.73143642206 5.67117851921
439889974 1.73141399189 0.577351260462
439888974 1.73151618399 123456789
439889970 1.73144809378 0.363969070532
439888978 1.73151805196 -5.67126397915
437790742 3.48786520328 -1.42847092873e-15
437790746 3.4878112847 0.36396880068
438835258 1.42790195357 -8.23587219444
438570002 2.47501863565 -0.88592836332
438570006 2.47495421042 -0.524837575342
438835250 1.42821973978 2.63677930147
438835254 1.42775903024 8.23578100966
437786690 1.73203608262 0.839100744244
437786694 1.73205495056 1.73205054319
437786698 1.73214592451 5.67125314462
439616626 1.73151618399 0.0
437525518 1.73200486348 -0.839096151085
439882806 0.965700766471 0.577351085085
439616622 1.73150174032 -0.176330887329
437529658 1.07240129935 -4.82955998069e-16
437529654 1.07234853713 -0.363968027039
437529650 1.07235184655 -0.83910152725
439880770 0.965558477514 1.73204728249
439622734 0.965707178394 123456789
439882818 0.96572847966 1.73205388395
439880778 0.965504185666 5.6713005236
438830178 0.839075869762 1.44873741355
437788678 3.48734737839 -5.67131019572
438830174 0.839106153595 0.885924445629
438568022 2.47584987019 0.246474509087
439885846 1.73167869758 -1.19175016808
439885842 1.73207774528 -1.73205619013
437530686 1.07236948572 0.363970511723
438834278 1.42812161083 2.6367745558
438579218 0.839041923539 -0.885923375271
437530682 1.07240129935 -2.38093712256e-15
438834274 1.42809059646 1.44873451735
438579214 0.839060925394 -1.4487442608
438834270 1.4281018415 0.885923747716
438579210 0.838975862583 -2.63680028532
438571042 2.4750155137 0.246476047098
439881778 0.965699450365 0.363967744803
438571046 2.47505331976 0.524841444569
439878798 0.96616042331 2.74751280054
439881774 0.965647946229 0.176319598119
439878794 0.965794424427 1.73205819677
439881770 0.965707178394 1.29110552628e-15
439885858 1.73204446419 -0.363967970405
439878790 0.965843407866 1.19176086211
439626830 0.965707178394 123456789
439886866 1.73195346465 -1.73204688236
439626834 0.96679197254 -5.67139885157
439626838 0.965538429472 -2.74745500373
439879686 0.965707178394 123456789
439886862 1.73198802072 -2.74748049316
439886942 1.732058495 -1.19175783398
437784582 1.73221420135 -5.67131917043
439884890 1.73209453762 -1.73205483272
437784586 1.73204743963 -1.73204921889
439884894 1.73213751459 -1.19175818239
439880718 0.965573912905 -2.74744595559
438574166 1.42814144083 0.246477631178
439884898 1.73210819276 -0.839099479121
438574162 1.42813637377 1.93974143674e-15
438838378 2.47466792764 8.23542649757
438838370 2.47497596857 1.44873973667
438838374 2.47505267132 2.63678446217
439627838 0.966036127261 1.19176513363
439885854 1.7320771623 -0.577350608763
439627830 0.965688381503 0.577350074024
438575166 1.42856021797 -2.63680312708
439627834 0.965754562687 0.839105601063
438575162 1.42841818577 -8.23579421937
439881826 0.965729663317 -0.839100094287
439881822 0.965673089907 -1.19175633456
438573114 1.428307872 -8.23603945602
438573110 1.42890685835 8.23577367889
438573118 1.42792850468 -2.6367607455
438837258 2.47493311745 -2.63678755928
439625854 0.965630351987 0.577348969991
438837254 2.47414808223 -8.23555320275
439617578 1.73151618399 2.6170981461e-15
439627806 0.96569349945 -0.57734958024
439889926 1.73151618399 123456789
439617570 1.73155488163 -0.363977616834
439617574 1.73142774676 -0.176327668007
438836254 1.42813637377 1.01814025756e-15
439618650 1.73215538875 -1.73205317291
438836250 1.42814623983 -0.246480777395
439618654 1.73213965489 -1.19174952281
437521478 3.48788705012 1.7320540146
439618658 1.7319119776 -0.839101461864
438836258 1.42814782066 0.246476097681
439625874 0.966117468148 5.67131291076
437525574 1.73204381718 1.73205073997
437525570 1.73199152001 0.839096396766
438574094 1.42812343717 -1.44874626348
437525578 1.73179635724 5.67125713447
439887878 1.73210633947 123456789
437520438 3.48837152979 -0.363969883105
438568998 2.47581385251 0.524838393963
438568994 2.47586239594 0.246476381495
438568990 2.47588168373 0.0
439619638 1.73201953468 0.577350617332
437528634 1.07240129935 1.72152385011e-15
439619634 1.73197611109 0.363964792532
439619630 1.73206004064 0.176326687872
438577210 0.839177796991 -8.23591768201
438577214 0.838807016995 -2.63676746676
438577218 0.839246149305 -1.44876119309
438831146 0.839051842271 0.88591982485
438831142 0.839042870597 0.524837206411
437527594 1.73238128892 -5.67131201623
437527590 1.73237158804 5.67133071145
437527598 1.7320784715 -1.73205248248
438833238 1.42813075206 0.246474743585
438833230 1.42817525562 -0.246480762308
438841406 2.47605057757 -2.63680514478
439621682 1.73201975743 0.363966952809
439618614 1.73209945122 0.577349061613
439621686 1.73208995913 0.577350360978
437527622 1.73204829062 1.732049941
437527626 1.73206986345 5.67126949005
438569034 2.47595021175 -0.524847228399
438569030 2.47580878381 -0.885918420381
439618610 1.73195637657 0.363964585933
438569038 2.47590686286 -0.246478305151
439621758 1.73207726437 0.577349752381
439621754 1.73206464581 0.36397369646
439621750 1.73209069075 0.176332151778
439888962 1.73127966848 1.7320500446
439888966 1.73188167133 2.74746793724
437790738 3.48783491241 -0.363969609886
437790734 3.48787739801 -0.839102014977
437790730 3.48779987917 -1.7320493278
438570074 2.47505123641 0.524838156543
438570070 2.4749886555 0.246473535552
438835242 1.42814941715 0.885915001832
439625830 0.965657606624 -0.577348698341
438835246 1.42816577855 1.4487508986
438570078 2.47495449452 0.885920190139
437786682 1.73210633947 2.53360676418e-16
439882862 0.965714116735 -0.176324883888
437786686 1.73204169573 0.363968431506
439882814 0.965596498585 1.19174495078
439882810 0.965666735862 0.839101873182
439616542 1.73148368337 -0.577350649805
439616546 1.73146091179 -0.363969971188
439882866 0.965707178394 -7.1892284512e-16
439880766 0.965909346082 1.19175886056
439880762 0.96567474185 0.839103680147
437792806 3.48786975537 5.67131794909
437792802 3.48719560753 1.7320505623
438830162 0.839107947278 -1.01080590751e-15
438830166 0.839086035835 0.246480314803
439889942 1.73150823132 -1.19175153616
439889946 1.73147515454 -0.83910491313
439625858 0.965488782855 0.839088356874
438579222 0.839117180112 -0.524845304904
437530694 1.07238531328 1.73205268191
438834282 1.42941842789 8.23592923385
438579226 0.839086707686 -0.24648121102
437530690 1.07236358575 0.839101745333
437530698 1.07250198939 5.67134796755
438571054 2.47507833474 1.44874418489
439881782 0.965696106958 0.577349393695
438571050 2.4749794292 0.885919053975
439881786 0.965658854938 0.839103745643
438571058 2.47507028381 2.63677848006
439626806 0.965696719441 0.577349651867
439626802 0.965735858524 0.363972747001
439879690 0.965704523001 -5.67124666582
439884938 1.73188001956 1.73204653715
439879694 0.965819521388 -2.74754052959
439879698 0.965622775201 -1.73204562619
439884930 1.73226052221 0.839102186116
439878742 0.966232099213 -2.7475265516
439884934 1.73195328793 1.19175044419
439878746 0.965727891409 -1.73205513609
439623698 0.965881777197 -1.7320577395
439623690 0.965959079824 -5.6712979697
439623694 0.965750570179 -2.74748269359
437520430 3.48819134277 -1.73204813012
438836326 1.42811266677 2.6367796003
438574170 1.42810625195 0.524835803015
437784590 1.73204784762 -0.839099238618
438574178 1.42809394487 1.44874492542
437784598 1.73210633947 2.12857397534e-16
438836322 1.4282061592 1.44874326344
438838362 2.47495610103 0.524833044416
438838366 2.47497480075 0.885921862818
439626794 0.965707178394 -1.22725601838e-15
439626790 0.965708383748 -0.176327213188
439626798 0.965681746904 0.176322459593
438575190 1.42813481327 0.246477190692
438575194 1.42824515506 0.524842142832
439627822 0.965708871381 0.176327097912
438575198 1.4281373967 0.885920012024
439627826 0.965634577339 0.363968111898
438575202 1.42809327484 1.4487376877
438575206 1.42834014719 2.63679045313
439617566 1.73148128588 -0.577348648218
437526598 1.732053063 1.73205309107
439617562 1.7313796375 -0.839095007458
439618646 1.73200007446 -2.74749798582
439618642 1.7316274255 -5.67121736575
439625866 0.965503876777 1.73204838941
439619678 1.73166955265 -1.19173743026
439625862 0.965735377401 1.19175663145
437525566 1.7320613698 0.363970177892
437525562 1.73210633947 1.13783096845e-15
439886938 1.73190413829 -1.73204400771
439624722 0.965691029996 -1.73205236513
438836286 1.42785506524 -2.63676909172
439883842 0.965653045874 1.73205123595
438836282 1.42870886544 -8.23594818632
439883846 0.96567002402 2.74746595554
438568982 2.47587053057 -0.524840741126
438568986 2.47587529645 -0.246479895368
437522506 3.48799484659 5.67128014676
437522502 3.48781860283 1.73204749836
439619602 1.7318072091 -1.73204733587
439619606 1.7321034583 -1.1917524548
439624794 0.965869327869 -1.73205492561
438573102 1.42806250203 1.44874930961
439624790 0.965950007366 -2.74747248738
438573106 1.42820823947 2.63675821155
438578282 0.839525271717 8.23569942752
438831158 0.839349320715 8.23581371852
438831154 0.838953235542 2.63676150275
438831150 0.839136251462 1.44875468727
437527586 1.73204238904 1.73205080577
438832194 0.839159413082 -1.44876533883
437527582 1.73204881844 0.839098415059
438832190 0.839173523337 -2.63680422079
438832198 0.839133581363 -0.885927472115
438841418 2.47587268063 -0.524843545304
438841414 2.47569158067 -0.88592013591
438833226 1.4281726534 -0.524846027227
438568010 2.47590128683 -0.524843417124
438835286 1.42813134759 0.246476301304
438569022 2.47569214918 -2.63679152635
438569026 2.47595391924 -1.44875877899
438840358 2.47583826459 0.524843426888
438835282 1.42813637377 -6.32296895051e-16
439621762 1.7318528029 0.83909013469
439621766 1.73213082935 1.19175570057
439888954 1.7313098307 0.8390902519
439888950 1.73144445939 0.577349776046
437790726 3.48787092121 -5.6712758689
439888958 1.73150328824 1.19176115241
438570066 2.47503696122 -1.40332366473e-15
439623758 0.965707178394 123456789
438570062 2.47496561419 -0.246473887352
438835278 1.42816025512 -0.246478117047
438835274 1.42812066958 -0.524841984277
438835270 1.42823624105 -0.885927183871
439885870 1.73206100632 0.176325833548
439885874 1.7320560571 0.363971241763
439885878 1.73206067707 0.577351535352
439890062 1.7312325399 2.7474764991
439616550 1.73149053721 -0.176329687399
439616554 1.73151618399 3.2966292899e-15
439616558 1.73141620777 0.176323116003
439886878 1.73203690333 -0.577351445609
439885898 1.73239941684 5.67134697877
439627786 0.966086937604 -5.67131288143
439627782 0.965707178394 123456789
437792818 3.48737166675 -0.839104512934
437792814 3.48711018567 -1.73204983368
437792810 3.48766626812 -5.67130214342
438830114 0.839043522228 0.246470821304
438830110 0.839107947278 1.5149482548e-15
437789750 3.48782173045 -0.363971172387
438830118 0.839046575327 0.524839397553
439889958 1.7314341773 -0.17632824802
439889954 1.73146864725 -0.363968582051
439889950 1.73147681046 -0.577349960825
437787698 1.73210688825 -0.839104976464
437790750 3.48789869154 0.839103675096
438579234 0.839066132517 0.246473998376
438579230 0.839107947278 -3.1694018519e-15
438579238 0.83905449492 0.524835244995
437787694 1.73207607407 -1.73205524677
439626818 0.965748529401 1.73205866818
437784594 1.73204700626 -0.36396923004
439881790 0.965669773396 1.19175225554
437520454 3.48838038054 1.73205036685
439881794 0.965762586124 1.73206060247
439626810 0.965520568451 0.839088268612
437520458 3.48740123258 5.67122957406
439881798 0.965444228816 2.74746970456
439626814 0.965826056097 1.19175507204
439886886 1.73207564061 -0.176329088641
437787690 1.73214776303 -5.67127723515
437525530 1.73205086573 0.363969842593
438574174 1.42815780923 0.885924384173
437790758 3.48801466821 5.67127628005
439887982 1.7320396501 -0.176327548187
439878758 0.965707173486 -0.577351272699
439884922 1.73204874217 0.363968639801
438571086 2.47500481269 -0.246476051109
439878750 0.96598756373 -1.19175848997
439884926 1.73202023302 0.577349509989
438571082 2.47504350685 -0.524844361763
439878754 0.965636762579 -0.839105365574
438841442 2.47558773228 1.44873675303
439880782 0.965707178394 123456789
439623686 0.965707178394 123456789
439880786 0.966899324108 -5.67132606452
439879750 0.965748544554 2.74748386523
438574106 1.42817550736 -0.246482127639
439879754 0.964803750086 5.67111966017
438574102 1.42816245777 -0.524839503218
439879758 0.965707178394 123456789
439887990 1.73206197461 0.17633010097
438838358 2.47504473607 0.246479060157
439626782 0.965676915786 -0.577347710248
438838354 2.47503696122 7.54925536989e-17
439626786 0.965775239594 -0.363971554448
438838350 2.47503061915 -0.246476047777
438841402 2.47516624755 -8.23580450484
439887994 1.73204921216 0.363969479858
439616634 1.73144438187 0.363965437514
438575182 1.42811417891 -0.246475061129
438575186 1.42813637377 1.92610285564e-15
439627818 0.965707178394 -5.82323978595e-15
438838286 2.47497487389 -1.44875043469
438838282 2.47447438351 -2.63679689575
438575210 1.42776297019 8.23547225957
439882790 0.965736571795 -0.176333183837
439882794 0.965707178394 -1.60362088492e-15
439882798 0.965710680431 0.176325896975
439618582 1.73218655168 -1.19175386313
439618586 1.73210879216 -0.839098535689
439882778 0.965672437315 -0.839101494386
439882770 0.965794262391 -1.73206232264
439882774 0.965418595968 -1.19174032301
439617590 1.73143702848 0.577351075319
439625786 0.965761790569 0.839101784228
439617594 1.73129806333 0.839095191249
439625782 0.965668537721 0.577347673027
439617598 1.73116592563 1.19174459331
437521414 3.48797197372 -5.67131945613
439617602 1.73184239864 1.7320676864
439617606 1.73162789817 2.74748070869
437521418 3.4877762378 -1.73205059932
438836290 1.42797967383 -1.44876425411
438836294 1.42809328847 -0.88591946716
439883838 0.965891368967 1.19175745853
439618698 1.73199807717 1.73205150254
438836298 1.42814962555 -0.524842013362
439883834 0.965782982009 0.839097723563
438837342 2.47517770392 0.88592863454
439883830 0.965653614798 0.577350054174
438837346 2.47498589058 1.44874280113
439619614 1.73215512973 -0.577352989974
438576186 1.42794548204 -8.2359018698
438841398 2.47664643441 8.2357670606
439619610 1.73205113361 -0.83910297236
438576182 1.42736101372 8.23573678305
439624786 0.96516560017 -5.67130980169
438841390 2.47567510899 1.4487425744
439619618 1.73211345322 -0.363973587059
438841394 2.47568092341 2.63675608789
438831162 0.83929757956 -8.23606790577
438831166 0.839127663593 -2.63679483638
438832182 0.838657636661 8.23563816044
438832186 0.839265825823 -8.23602559585
439879802 0.965663140538 0.363967101266
439879806 0.965689667048 0.577350148605
437525558 1.73204506225 -0.363970191298
438833218 1.42807066334 -1.44876130844
437525550 1.73204409627 -1.73205115088
437525554 1.73208203736 -0.839099115079
438569058 2.47582287492 1.44874287428
438569054 2.47595085984 0.885924912179
439880842 0.965661456255 1.73205547081
438569050 2.47579546844 0.524834726823
439880846 0.965669936104 2.74746843801
439887958 1.73186709891 -2.74749239317
439621774 1.73255931674 2.74748227508
439621770 1.73200100462 1.73205118718
439621778 1.73162111496 5.67125599762
439887954 1.73376052556 -5.67139276527
438570058 2.47502109761 -0.524846299744
438570050 2.47472632858 -1.44874545207
438570054 2.47501776576 -0.885926890593
438835262 1.42821874212 -2.63679092174
438835266 1.42837052367 -1.44876226557
438831210 0.839414683719 8.23572711156
439885866 1.73210633947 2.08038425956e-15
439885862 1.73202878902 -0.176324692071
439625838 0.965697896207 -0.1763268925
438831182 0.839066771141 -0.246475444248
438831186 0.839107947278 -6.08481947793e-16
439616566 1.7314395964 0.57735046682
438839386 2.47497489385 0.524835134294
439627790 0.966191148965 -2.74749930215
439627794 0.965528198485 -1.73204586751
439625818 0.965450989436 -1.73204198967
439627798 0.965820755816 -1.19175444392
439885886 1.73192165922 1.19175193072
439624810 0.96574425167 -0.363972060576
437792822 3.48730179726 -0.363970770742
437792826 3.48732612056 4.43024576441e-16
438839362 2.47498647569 -1.44875918073
438839366 2.47524739236 -0.8859299535
438830106 0.83907401442 -0.246479682282
438840422 2.47637584166 2.63680392806
439624814 0.96569196504 -0.176332955585
437789742 3.48771930399 -1.73205063664
437789746 3.48781550357 -0.839097474903
439618638 1.73210633947 123456789
439888942 1.73144829649 0.176328521861
439624818 0.965707178394 1.59060071972e-15
439888946 1.73154449505 0.363965384716
439625814 0.965915415885 -2.74749014522
437520442 3.48732612056 1.25510487208e-15
437520446 3.48838252191 0.363970890695
439626866 0.965707178394 4.68037307204e-15
439626862 0.965707422818 -0.176325134033
437523482 3.48784534061 0.363972089061
437523486 3.48788452099 0.839103808072
438571090 2.47503696122 -2.55157647986e-15
438571094 2.47502966589 0.24647877514
439884918 1.73204666598 0.176323967799
438571098 2.4750391351 0.524839344777
439878766 0.965727544952 -0.176327303644
439884914 1.73210633947 -2.03022004631e-15
439878762 0.96567107946 -0.36396902321
439884910 1.73205235012 -0.176328077771
439883782 0.965707178394 123456789
439883786 0.966220202481 -5.67134755101
439879742 0.965589984814 1.19174406091
438574114 1.42812209995 0.246472533315
439879746 0.96564144313 1.73205065242
438574110 1.42813637377 1.25552981684e-16
438574118 1.42814223012 0.524839745934
438838342 2.47506075062 -0.885922466139
438838346 2.47500762637 -0.524842857008
437519418 3.48732612056 -3.06317024058e-15
437519414 3.48729446261 -0.363972556348
437519410 3.48729995376 -0.839100795562
439885922 1.7318005824 -0.839098936566
439627802 0.965859416053 -0.839110139517
438838298 2.47499559604 -0.246479133933
438840382 2.47590855556 -2.63677660517
438838294 2.47503823638 -0.524841345803
438840386 2.47574937539 -1.44876005771
438838290 2.47503116301 -0.885928256683
439882786 0.965789179339 -0.363973469152
439883850 0.965957349913 5.6712956796
439882782 0.965656074777 -0.577350165743
439618598 1.73204043718 -0.176325994817
439618594 1.73205965099 -0.363969976246
437524546 1.7321045534 0.839104675533
439618590 1.73203708957 -0.577349848687
437524542 1.73204131226 0.363968638222
439882762 0.966819944479 -5.67137413587
439882766 0.965725874775 -2.74746704505
439617582 1.73145026713 0.176325989428
439625794 0.965926043212 1.73206163117
439617586 1.73142444584 0.363969543382
439625790 0.965828803656 1.19176169765
437521422 3.48782706381 -0.8391004417
437521426 3.48782149934 -0.363970124243
439625798 0.966321978171 2.74751275563
437782534 1.07240240126 -5.67124880458
439617610 1.73133912932 5.67112314537
439617614 1.73151618399 123456789
439617618 1.72967167842 -5.67119679086
437782538 1.07237178313 -1.73204677418
437791798 3.48839840468 -0.363973849903
437524514 1.73204000454 1.73205186008
439618682 1.73217458396 0.363969745358
439618686 1.73199490786 0.577348461695
439883826 0.965673068737 0.363967614259
438837350 2.4756514742 2.63681763329
439883822 0.965698705687 0.17632507413
438837354 2.47536153909 8.23553242527
438576198 1.42823788059 -0.885927695824
438576190 1.42824303846 -2.63679289611
437524510 1.73202571372 0.839100725711
438576194 1.4279357866 -1.44875631879
438841386 2.4759222407 0.885921483335
438573162 1.42825145324 8.23558951387
438841382 2.47575095323 0.524841455485
438831174 0.839058214581 -0.885921891055
438831170 0.839196963494 -1.44877211329
438831178 0.839086352313 -0.524842001229
439624758 0.965700847781 0.577350634917
439624750 0.965702006571 0.176328411427
439624754 0.965720230463 0.363970219429
439879818 0.965784549784 1.73205425743
439890066 1.73312813773 5.67127523016
439879810 0.965672457043 0.839100776849
439879814 0.965439680114 1.19174610986
438833202 1.42818790531 2.63674135524
438833206 1.42719419007 8.23558421018
437525546 1.73209329018 -5.67129310206
437525542 1.73226375288 5.67128415777
437528650 1.07216623534 5.67124285136
438569046 2.475817487 0.24647707442
439880850 0.966032973484 5.67134241863
438569042 2.47588168373 1.58845561961e-15
439886854 1.73210633947 123456789
438577242 0.839072995024 0.524834364571
438577246 0.839142373052 0.885927646573
438570046 2.47539004142 -2.63678001522
438570042 2.47486809699 -8.23580228195
438835214 1.42818178959 -1.44875400432
438835210 1.42831290304 -2.63681387013
438831202 0.839057027713 1.44873602611
438831206 0.839041561571 2.63679223258
438835218 1.42817428939 -0.885930899194
439616578 1.73163975987 1.73206279493
438831198 0.839062738839 0.8859257115
439886858 1.73209585946 -5.67127933622
439616570 1.73180587332 0.839106192273
438831190 0.839092391036 0.246480479132
439616574 1.73127614023 1.19175315958
438831194 0.83912036541 0.524839490417
438839394 2.4749736709 1.44873947934
438839390 2.47486460032 0.885919157824
438839398 2.47494890822 2.63677513607
437526538 1.7320260806 -1.73204879821
438839378 2.47503696122 5.91406887617e-16
438830138 0.839084963505 -8.2358115872
437792830 3.48729222565 0.3639705925
438839370 2.47505257009 -0.524843862153
438840410 2.47589274771 0.524835800052
437526534 1.73223873854 -5.67123763268
438839374 2.47502857978 -0.246478601634
438830134 0.837760355937 8.23537143738
439623778 0.965727540749 -0.839100790403
437789770 3.48784441793 5.67127990493
439627858 0.965940826978 -5.67132009591
439888938 1.73151618399 -2.41014220943e-15
439888934 1.7314330285 -0.176324507883
439888930 1.7313771892 -0.363970264771
437530642 1.07235204464 -0.363969241247
437530646 1.07240129935 5.02231211858e-17
439885934 1.73203173661 -0.176323122373
439622802 0.965986861609 5.67143391307
437788742 3.48784783784 1.7320499178
439885930 1.73202090924 -0.363968576921
439626878 0.965743342853 0.577352764021
437788746 3.48786823638 5.67128560321
439626874 0.965724221985 0.363967697558
439626870 0.965739121193 0.176332993169
439623826 0.965842823856 5.67124306289
439623822 0.965939179864 2.7474897344
437523494 3.48781317841 5.6713132943
437523490 3.48767051618 1.73205201766
439624798 0.965608674776 -1.19175243941
439878770 0.965707178394 -1.69832301995e-15
439884902 1.73202857724 -0.577348663524
439622798 0.966431388675 2.74752059848
439878774 0.965713360146 0.176325327057
439884906 1.73198118824 -0.363966286951
439878778 0.965561214593 0.363958700618
439622790 0.965855046296 1.19176051716
439622794 0.965682344859 1.73205112635
439883798 0.965810670099 -1.1917570823
439883794 0.965856368547 -1.73205571856
439883790 0.965583797563 -2.74746377702
437792834 3.48733390782 0.839101092348
438570038 2.47629886725 8.23584679533
438574122 1.42817757777 0.885916203363
438574126 1.42800019591 1.44874412869
438840418 2.47595612855 1.44874773645
439879770 0.965674374478 -1.73205308486
439879778 0.965735429199 -0.839103564492
438838334 2.47519545461 -2.63678423316
438838330 2.47499263949 -8.23584878631
437781570 1.07237647065 0.839101478234
438838338 2.47525392651 -1.4487684578
438570030 2.47497687581 1.44874742191
437519406 3.48715567075 -1.73204880757
437519402 3.48678287921 -5.67123928248
439627874 0.965920219775 -0.83910524886
438830130 0.839104764942 2.63674788892
438840398 2.47586221973 -0.246477694376
439627870 0.965828426688 -1.19175909342
438840394 2.475788415 -0.524844001209
437792838 3.48722214246 1.73204736745
438840390 2.4758294576 -0.885923076354
439627878 0.965690425294 -0.577350730383
438840414 2.47599396781 0.885928444975
437524550 1.73207330136 1.73205231111
437524554 1.73181717631 5.67127685881
439618566 1.73210633947 123456789
437784638 1.73206077268 0.363971304469
439882758 0.965707178394 123456789
437784630 1.7320467872 -0.363972095222
437784634 1.73210633947 9.4995047633e-16
437521438 3.48771272273 0.839093955111
437521434 3.48778255139 0.363969975621
439627902 0.965699761736 0.577354269738
437521430 3.48786520328 1.86936650598e-15
439627906 0.965873378437 0.839105884746
439617626 1.73129960248 -1.7320401825
439617622 1.7306680763 -2.74743025963
439883810 0.965727657289 -0.3639709324
439883814 0.965721661782 -0.176332257519
439883818 0.965707178394 6.66728896023e-16
439882850 0.965603285483 -0.839095929276
438841370 2.47586704563 -0.246482422095
438573150 1.42818311756 0.885925269692
438841374 2.47588168373 -1.63171677833e-15
438573154 1.42822046342 1.44874630679
438841378 2.47585200744 0.24647425885
438573158 1.42802757273 2.6367690107
438567986 2.47530540006 2.6367570355
438567982 2.47555246509 1.44873865424
439624742 0.965706938974 -0.176324739298
437527558 1.73187988063 -5.67119337344
439624746 0.965707178394 0.0
439879826 0.965190165122 5.67123276602
439879822 0.965799508784 2.74746668855
437528642 1.0723577663 0.839099898096
439625746 0.965705849222 -1.73205220983
437528646 1.07238587624 1.7320513893
438575110 1.42702456183 -8.23543759818
439886994 1.7316003194 5.67131405911
439886990 1.7326333356 2.74750753653
438577258 0.839072829993 8.23547319172
438577254 0.839306611856 2.63680328296
438577250 0.839171886957 1.44874480784
439620682 1.73085779832 5.67118563233
439620686 1.73210633947 123456789
438835206 1.42784111421 -8.23569600871
438833222 1.42825481513 -0.88592773328
439890058 1.73163547649 1.73205194978
439890054 1.73143163224 1.19175505972
439890050 1.73141163402 0.839093049219
438841410 2.47585220495 -1.44875965216
438575114 1.42794322021 -2.63680197778
439627922 0.965960678745 5.67125726264
438839346 2.47534255611 2.63675818313
438840406 2.47589083827 0.246477496938
437787686 1.73230044419 5.67127570867
438839342 2.47503679835 1.44874803924
438840402 2.47588168373 2.72588713869e-15
437526542 1.73208684886 -0.839103965433
437789762 3.48776713386 0.839098055178
437789766 3.48775055397 1.73204756685
438837286 2.47505750138 0.524841758162
439889986 1.7313598681 1.73204904493
439889982 1.73160421342 1.19175297879
439888926 1.73152979295 -0.577350382401
439888922 1.73148413222 -0.83910376497
437530650 1.07234210839 0.363967494432
438837282 2.47508043648 0.246477815842
437530654 1.07235921262 0.8391007521
437530658 1.07240968809 1.73205171856
439881834 0.965743674543 -0.363970378395
439878690 0.965715159572 -0.363971147323
439626842 0.965708494895 -1.73205078569
439623818 0.965601743558 1.7320464019
439626846 0.965800672262 -1.19175933201
439623810 0.965848152593 0.839104880228
439623814 0.965797741561 1.19176415474
437523462 3.4880635797 -5.67132665539
437523466 3.48780626991 -1.73205141202
439625810 0.963897143917 -5.67106012703
439878706 0.965742311717 0.363972275224
439878702 0.96567103835 0.176323234389
439622786 0.965774183055 0.839100038627
439622782 0.965632350972 0.577347514148
437783582 1.07233773956 0.839095194447
438574138 1.42752221718 -8.23577017756
438574134 1.42884588256 8.23586042205
439879762 0.965331443453 -5.67126638902
438574130 1.42842092303 2.63678400043
439879766 0.965330829468 -2.74743728327
439623782 0.965690233435 -0.577349891886
439623786 0.965626056438 -0.363969200942
437530630 1.07226421348 -5.67122924106
438838326 2.47563954724 8.23576750725
438838322 2.47476742694 2.6367443183
437781562 1.07240129935 -2.31271404045e-15
437781566 1.07236211886 0.363970571274
439884806 1.73210633947 123456789
437519430 3.48733835086 1.73205072187
437519434 3.48656402523 5.67122496314
439623762 0.966560628529 -5.6713554515
439623766 0.96523748861 -2.74744053799
439627866 0.965639735005 -1.73205563584
438840362 2.47586486653 0.885918292559
439627862 0.965922407358 -2.74745817773
438840366 2.47591298129 1.4487502735
437523518 3.48781183109 0.36397006493
438837306 2.47437880143 -8.23585786228
438579282 0.839107947278 2.84176029232e-15
437523510 3.48788766922 -0.363974067456
437523514 3.48786520328 -2.02087765741e-16
439618570 1.73218423739 -5.67136146334
437524526 1.73210618482 -1.73205253671
439618574 1.732029529 -2.74749441009
437524522 1.73206465199 -5.67130573567
439618578 1.7319652101 -1.73204691966
438837302 2.4750663097 8.23579771166
437784622 1.73206686805 -1.73204951964
437784626 1.73202209039 -0.839098907889
439617638 1.73150288128 -0.577353476994
439627918 0.965836007115 2.74747663331
439617630 1.73155734315 -1.19175517746
439627910 0.965519614339 1.19174223868
439617634 1.73124744507 -0.839102482851
439627914 0.965545580462 1.73204402076
439878670 0.965285041651 -2.74748262774
438577186 0.839086230372 0.246476660715
438572038 2.47463009515 -8.23567195343
439878674 0.965693193747 -1.73204649787
439883806 0.965674579207 -0.57734973269
439883802 0.965918131179 -0.839102335196
437785662 1.73206470034 0.363971335193
437785666 1.73205672521 0.839098793909
439627842 0.965841986698 1.73205714932
438841362 2.47593632646 -0.885926653569
438573146 1.42817555668 0.52483613647
438841366 2.47585976521 -0.524838746993
438573142 1.4281332198 0.246476624693
438574098 1.42815048682 -0.885927751559
438567994 2.47541034686 -8.23584699979
438567990 2.47585590274 8.23566939402
439624778 0.965879486187 5.67132893744
439624774 0.965884786056 2.74747881095
438567998 2.47561567505 -2.63677365724
439624770 0.965755878512 1.73206066909
439617546 1.73082599986 -5.67117990233
437522498 3.4878503555 0.839098340898
437522490 3.48786520328 -1.15228682538e-15
437522494 3.48784789236 0.363971663805
437792778 3.48742749051 -1.73205396822
437528638 1.07236050481 0.363969902786
439621638 1.73210633947 123456789
439889938 1.73150135333 -1.73205520691
437528630 1.07236262577 -0.363969491871
437792774 3.48724127098 -5.67126061928
439618666 1.7321986738 -0.363976519842
438569066 2.47648008814 8.23566748004
438569062 2.47576427403 2.63676899609
439886986 1.73203562207 1.73205043483
439886982 1.73175200487 1.19175118927
439618662 1.73203385095 -0.577349404905
438832226 0.839110334735 1.4487463178
438839402 2.47289011393 8.23530416101
438832222 0.839091168981 0.885925192265
438835238 1.42816226 0.524842395533
439620698 1.73209133675 -1.73205222906
439620694 1.7324059527 -2.74750041105
438835230 1.42813637377 -1.06544507102e-15
439620690 1.73000503983 -5.67121405766
438835234 1.4281626833 0.246474768204
439890042 1.73144678948 0.363967979238
439887902 1.73213769895 -0.577350390188
439890046 1.73143930005 0.57735035469
439887906 1.73208411711 -0.363976130437
439616518 1.73151618399 123456789
438832138 0.839074288959 -2.63680903906
439879774 0.96570802156 -1.19175218109
438832134 0.83921044712 -8.23569657813
438839350 2.47532339058 8.23573811115
439622726 0.966112743561 2.74750789607
438839354 2.47664746912 -8.23598889308
437526558 1.73201082589 0.839097293211
438839358 2.47495941427 -2.63676902678
438835306 1.42822900914 8.23556316936
437526554 1.73207218616 0.363971247682
438835302 1.42791098481 2.6367526657
437526550 1.73210633947 8.30148126396e-16
439889998 1.73151618399 123456789
437789714 3.48786020593 -0.363971760457
437789710 3.4878570255 -0.839101934771
439889990 1.73220283347 2.74749798498
439889994 1.73234476611 5.67126731371
437789718 3.48786520328 2.82467503062e-15
439888910 1.73115026348 -2.74745779299
439888914 1.73136678952 -1.73204384067
439888918 1.73144024802 -1.19174979319
437530666 1.07221746761 -5.67129282867
437530662 1.07214340055 5.6712275221
437781578 1.07258888114 5.67131339966
439885962 1.73204867157 1.73204450989
437783558 1.07243918952 -5.67131092451
439885966 1.73226448131 2.74748589338
437520418 3.48720019872 1.73205301498
437520414 3.488349677 0.839099012023
437520410 3.48735041032 0.363974257911
439626854 0.96568685823 -0.577349805011
439626850 0.965632234903 -0.839094650793
439623806 0.965702589313 0.577349234049
439626858 0.965753907641 -0.363971516
439886874 1.7322203363 -0.839098816116
439623802 0.965750871386 0.363972133725
437523470 3.4877711773 -0.839098819124
439888006 1.73195533603 1.19174751173
437523474 3.48783635592 -0.363970477883
439888002 1.73212909468 0.839100414924
437523478 3.48786520328 -1.48261414517e-15
439883902 0.965733109753 0.577352660597
437520390 3.48797283457 -5.67121323942
439622770 0.965707178394 4.54226015853e-15
439878714 0.96558339109 0.839093983463
439622774 0.9656719994 0.176325296647
439878710 0.965671777017 0.577349595474
439622778 0.965771855906 0.363972337419
439878718 0.96568373039 1.19175243543
437781574 1.07238708695 1.73205041189
437520394 3.48731900418 -1.73205184901
439879718 0.965720605515 -0.176329063461
439879714 0.965749021683 -0.363970912488
439879710 0.965656842209 -0.577350306597
439623794 0.965707178394 -2.30130678157e-16
439623790 0.965730546271 -0.176330214649
439623798 0.965698352313 0.176324688558
439884818 1.73215393898 -1.73205868331
437781558 1.07237560112 -0.363972070793
439884810 1.73251385688 -5.67127021563
437781554 1.07235206242 -0.839098031306
439884814 1.73233333404 -2.74748242137
437781550 1.0723827246 -1.7320496657
437519426 3.48725065898 0.83909938131
439622686 0.965619920271 -0.577347425066
437519422 3.48731862176 0.363971651109
439622682 0.965881473949 -0.83910635631
439623770 0.965750935523 -1.73205388669
439627850 0.966482491911 5.67142203321
439623774 0.965737980299 -1.1917501582
439627854 0.965707178394 123456789
438840370 2.47600421843 2.6367623404
438840374 2.47615805288 8.23570914964
438840378 2.47668567144 -8.23594860805
438579294 0.839085726177 0.885922579364
438579290 0.839073466979 0.524836306138
439885890 1.73226592941 1.73205881738
437523502 3.48769029552 -1.7320488014
437523506 3.48787020926 -0.839102886151
438579298 0.8390378497 1.44873399852
437524534 1.73204659837 -0.363969682447
437524530 1.73210589639 -0.839104346746
437524538 1.73210633947 -2.4884767887e-15
439885894 1.73194825211 2.74748462579
438833158 1.42811157573 -8.23582918556
439625742 0.965721362061 -2.74749076118
437784618 1.73212669522 -5.67132087951
437784614 1.7323355587 5.67132183553
437784610 1.7320540745 1.73204918103
439617646 1.73146376914 -0.176328340628
437520426 3.4873002573 -5.67127440213
439617642 1.73146047771 -0.363968834538
438838318 2.47487493276 1.44874527616
438838310 2.47493717746 0.524836674101
438838314 2.47498936961 0.885919533036
437520422 3.48861410503 5.671303466
437782586 1.07240129935 3.81122746037e-15
437782582 1.07237779887 -0.363971462358
437785670 1.73204819065 1.73205055159
437785674 1.73217620636 5.6712928426
438841354 2.47608596823 -2.6368353357
438830122 0.838968654881 0.885912038505
438841350 2.47535670697 -8.23577695368
439886922 1.73176695789 5.67126821311
438841358 2.4756951793 -1.44874378344
437789758 3.48781477399 0.363968792673
439624762 0.965733321224 0.839099029498
437527574 1.73210633947 -1.7189868427e-15
439624766 0.965525605482 1.1917516208
437527570 1.73204969027 -0.363969901092
439883906 0.965692855178 0.839101712355
437527578 1.73206949228 0.363971621668
438833258 1.42925169122 8.23563975024
438833250 1.42814001411 1.44874594639
438833254 1.4280883158 2.63678762348
437522486 3.48782779349 -0.363969890224
437522482 3.48789513918 -0.839102236395
437528626 1.07231410913 -0.839097353688
437528622 1.07238394394 -1.73205060436
439625822 0.965692011967 -1.19175515864
437789754 3.48786520328 -7.28483141378e-16
439880806 0.965659060954 -0.577348593425
439880802 0.965654250458 -0.839094929354
439625826 0.96565354053 -0.839096157865
438832234 0.838455700784 8.23534292592
438832230 0.839142742955 2.63678105085
437523498 3.48781741902 -5.6713124805
439620662 1.73205217311 0.577349032571
439620666 1.73198036299 0.839100888771
438835226 1.42815448217 -0.246479988226
438835222 1.42818721831 -0.524843039962
437785606 1.73217797379 -5.67135969758
438578218 0.839128285133 0.885921556126
439887910 1.7321436453 -0.176331074724
439890030 1.73147455265 -0.176329080249
439887914 1.73210633947 0.0
438578210 0.839097591246 0.246475037103
439887918 1.73206390904 0.176329246816
438578214 0.839126900407 0.524841733701
439616522 1.73265595414 -5.67142407907
439616526 1.73157781356 -2.74746956866
438578182 0.839988390913 -8.23594745953
438578186 0.839013360934 -2.63680684948
437526562 1.73207202775 1.73205128442
438839326 2.47503696122 -2.35887155736e-15
437526566 1.73219487342 5.67134930788
438839322 2.47504253323 -0.246483378802
437789706 3.48781792782 -1.73205189676
437789702 3.48799593749 -5.67127850644
439886870 1.73224739607 -1.19175622836
439886958 1.73201053788 -0.176327210277
439888906 1.73172890166 -5.67128375511
439888902 1.73151618399 123456789
439886950 1.73205473325 -0.577348630672
439886954 1.73204159813 -0.363970252437
439620718 1.73202754123 -0.176320886348
439620710 1.73214298635 -0.577351836168
439885970 1.72979940455 5.67090024942
439620714 1.7321804558 -0.363973254005
437520406 3.48840445269 -5.00069328298e-16
437520402 3.48731488608 -0.363971625552
439616658 1.73232236205 5.67142367692
439888014 1.7326522568 2.74746899785
439888010 1.73178820642 1.73203548691
439616650 1.73147714415 1.7320474568
439616654 1.73098275394 2.74745690645
439888018 1.73195425618 5.67125303571
439622762 0.965776703791 -0.363975657181
439622766 0.965678274929 -0.176323966977
439626886 0.965582207371 1.191749637
439626882 0.965838576014 0.839110347731
437529622 1.07240129935 -1.9399854882e-15
437529626 1.07236671566 0.363971432211
439879706 0.965813597267 -0.83910362714
438570090 2.47517215568 8.23547588249
439879702 0.965680342743 -1.19175258821
437530678 1.07236340028 -0.363970872507
437530670 1.07237298711 -1.73205260854
437526582 1.73205434101 -0.363970039656
437530674 1.07236693904 -0.839097970961
437526586 1.73210633947 1.06349905034e-15
437781542 1.07258549323 5.6712890087
437781546 1.07240226594 -5.67126238759
437520450 3.48736496256 0.839102579781
439884826 1.73218758825 -0.839104978982
439884822 1.7323350723 -1.19175674657
439622694 0.96570548616 -0.176327100813
439622690 0.965736092338 -0.363971060373
439623746 0.965714601591 1.73205234859
439627846 0.96526481395 2.74746979543
439623742 0.96566999063 1.19174711666
439622698 0.965707178394 0.0
438840346 2.47584754567 -0.246478958964
438840342 2.47589105391 -0.524841788241
439890034 1.73151618399 1.89595554562e-15
438834202 1.42815791802 -0.246483117841
438834206 1.42813637377 8.13246115185e-16
439878722 0.965726402436 1.73205234337
439878726 0.965015510762 2.74743195089
437523530 3.48753340644 5.67128508422
439881850 0.965719495372 0.363971787468
439881854 0.965653790984 0.577349788155
439619646 1.73207969464 1.1917565723
438838278 2.47423339692 -8.23571483274
439881858 0.965713931124 0.839100652862
437784602 1.73203502998 0.363970651671
437784606 1.7320228782 0.839097950171
439625758 0.965688996252 -0.577350803789
438577174 0.839109407661 -0.524840226235
439617658 1.73144495524 0.363970124525
439617654 1.73143369586 0.176320497055
439617650 1.73151618399 -4.33408145674e-15
439890038 1.73149283893 0.176326565441
438838306 2.47502799841 0.246473452254
438572126 2.47494614038 0.885919702736
438838302 2.47503696122 0.0
438572122 2.47509275707 0.524842257419
438572054 2.47499618418 -0.524839833047
439624802 0.965770454718 -0.839103655019
437782602 1.0724469612 5.67131062987
438572050 2.47507797653 -0.885930912629
439624806 0.965683722136 -0.577350477873
438572058 2.47504332818 -0.246480369328
437782594 1.07235750291 0.839100670575
437782590 1.07238002811 0.36397086324
437785646 1.7320746325 -1.73205268165
437785642 1.73170203259 -5.67125892251
437782598 1.07238032844 1.73205148731
439886882 1.73188865873 -0.363964229746
437519366 3.48656366554 -5.67119454073
439887966 1.73189626814 -1.19174409172
438575118 1.42822106489 -1.44875202705
438836318 1.42811232331 0.885921653514
438836314 1.42814158109 0.524837062501
438836310 1.42814756369 0.246477782423
438576138 1.42824613118 -2.63681447678
439619682 1.731942572 -0.839094762796
437527562 1.73208473525 -1.73205129303
437519382 3.48732612056 5.65241324948e-17
439619686 1.73200518591 -0.577347957703
437527566 1.73203116854 -0.839099487371
437519386 3.48727657704 0.363969877972
439624714 0.965286213507 -5.67125305671
439624710 0.965707178394 123456789
439883918 0.965720709018 2.74746948742
439883914 0.965660663689 1.73204376669
439624718 0.965778289843 -2.74747496333
439883910 0.965777192808 1.19175804313
438833246 1.42805730218 0.885917245458
438833242 1.42817692105 0.524836153436
437522470 3.48796539341 5.67133426493
437522474 3.48847475043 -5.6713113784
437522478 3.48778453898 -1.73205336288
437792790 3.48732612056 2.27323763956e-15
437528610 1.07241969707 1.73205356518
437792794 3.48729129718 0.363969687322
437528614 1.07232534185 5.67122164865
437792798 3.48741010485 0.839101170619
437528618 1.07217931022 -5.67121367483
439880814 0.96572813424 -0.176326939694
439880810 0.965769939997 -0.363974519572
439619598 1.73207939305 -2.74747928846
439619594 1.73138433348 -5.67129304409
439880818 0.965707178394 0.0
439619590 1.73210633947 123456789
439889042 1.73077453867 5.67115608472
438832202 0.839081241252 -0.524843477355
438832206 0.83909611367 -0.246479089308
439620670 1.73217349604 1.19175670725
439620674 1.73222563786 1.73205797679
439620678 1.73165633644 2.74744387039
439886898 1.73210741891 0.363970312786
439882882 0.96580134159 0.839095564435
439890022 1.73146233609 -0.577350980295
439882886 0.965679654911 1.19175762184
438578202 0.839077559108 -0.246478355192
438578206 0.839107947278 -1.47251792495e-15
439616534 1.73144122342 -1.19175856826
438578198 0.839118147702 -0.524841646169
439616530 1.731418378 -1.73205437086
438578190 0.839039845238 -1.44874778233
439616538 1.73135117345 -0.839094160668
438578194 0.839136997042 -0.885927503917
437526574 1.73205103497 -1.73205097751
438839334 2.47499127664 0.524843346947
437789738 3.48729916985 -5.6712840133
437526570 1.73223647265 -5.67134954957
439889978 1.73145462428 0.839096553408
438839330 2.47497605681 0.246471233183
437789730 3.48771483282 1.73205155656
437526578 1.73208665797 -0.839102979467
438839338 2.47505854731 0.885920235202
437789734 3.48775245366 5.67123861895
438836266 1.4281810786 0.885919020075
437521474 3.48796381905 0.839103946588
438570082 2.47497580686 1.4487399194
438836262 1.42812945198 0.524840608697
439886946 1.73193160661 -0.839100148142
438570086 2.47559050993 2.63680677033
439620702 1.73223860796 -1.1917622656
439885946 1.73201615066 0.363967462026
439620706 1.73188439444 -0.839097540091
439885942 1.73203322177 0.176326277813
438574090 1.42801510214 -2.63679078473
437520434 3.48728300145 -0.839100472222
437788706 3.48769506034 1.73204833255
437788702 3.48777514587 0.839095937034
438568018 2.47588168373 0.0
437787722 1.7324627187 5.67132927917
437786638 1.73203932609 -0.839097259417
439616642 1.73124033592 0.839094326406
437786634 1.73206460005 -1.73205279488
439616646 1.7314516055 1.19176234616
437786630 1.73225575591 -5.67134688539
439626890 0.965606598937 1.73205043317
439622754 0.965645871419 -0.839098704787
439626894 0.965505999753 2.74747368343
439622750 0.96558910057 -1.19174989813
439626898 0.96597638318 5.67117045852
439622758 0.965649312509 -0.577349007981
437529638 1.07223318536 5.67131399194
437529630 1.07236599335 0.83910004667
439622742 0.965771037989 -2.74750083993
437529634 1.07238306458 1.73205122758
439881818 0.965632232132 -1.73204703041
439880710 0.965707178394 123456789
439879730 0.965667976663 0.363964836233
439880714 0.966239495962 -5.67128687127
439879734 0.965698919572 0.577349403959
438571114 2.47371038683 8.23546728131
439879738 0.965590103063 0.839096975766
438571110 2.47494009334 2.63679225903
437787658 1.73203883501 -1.73204879515
437783578 1.07234275376 0.363969322533
438568014 2.47585716055 -0.246474815205
439882802 0.965731511192 0.363972110817
437526590 1.73204380949 0.363970826189
437783570 1.0723710367 -0.363971920417
437787654 1.73197669189 -5.67129476702
437783574 1.07240129935 -2.15243049319e-15
439884830 1.73192796229 -0.577346769228
437781534 1.07235798993 0.839101424425
439884834 1.73205823802 -0.363970160873
437781530 1.07237055805 0.363971499917
439884838 1.73203203681 -0.176325071625
437781538 1.07240636676 1.73205154665
439885850 1.73190085105 -0.839101564136
439623750 0.965405735892 2.74745632527
439623754 0.96628277456 5.6714168713
438840350 2.47588168373 2.68447786163e-15
438840354 2.47587495462 0.246475744536
438834218 1.42807399701 0.885920919827
438834210 1.42817448972 0.246477494297
438834214 1.42816611116 0.524840533585
437523522 3.48778063163 0.839098645851
438571022 2.47515314228 -1.44875141753
439878738 0.966140152091 -5.67126578423
437523526 3.48793791281 1.7320573492
438571026 2.47512462276 -0.885928638254
439878734 0.965707178394 123456789
439884946 1.73151797741 5.67123082008
438568002 2.47572438662 -1.44875213436
439878730 0.966260554583 5.67129501428
439884942 1.73192775171 2.74747880568
438568006 2.47581963686 -0.885922020577
439881842 0.965707178394 -7.52955988495e-16
439881846 0.965707857798 0.176322981427
439625766 0.965678230668 -0.17632272669
439625762 0.965701595273 -0.363970015861
439617662 1.73145444126 0.577348074555
439617666 1.73151458278 0.839100571818
438572138 2.47560875378 8.23562262778
438572134 2.4748468729 2.63677468772
438572130 2.47509345514 1.44874689486
438572046 2.47524654542 -1.44875504136
439618630 1.73170375814 2.74747060188
438836230 1.42822444818 -8.23575625119
438572042 2.47490023835 -2.63679405251
439618634 1.73337003628 5.67133478571
438836234 1.42784265766 -2.63679071223
438837322 2.47501969367 -0.524843494578
438836238 1.42831833722 -1.44875371307
439617682 1.73057241015 5.67120835878
438837326 2.47501352835 -0.246478203085
437785650 1.73205523076 -0.839102036916
437785654 1.7320556822 -0.363971065908
437785658 1.73210633947 2.65094651965e-15
437519374 3.48738004686 -0.839101242862
437519370 3.48729945117 -1.73205079482
437519378 3.4873199763 -0.363972421394
437524518 1.73236306249 5.67136089136
438836306 1.42813637377 4.61706095665e-16
438836302 1.42814749063 -0.246476066912
437519398 3.48779133865 5.67128841086
438567942 2.47628072445 -8.2358080185
439619698 1.73210633947 0.0
438567946 2.47554475381 -2.63681410457
439619694 1.73206309741 -0.176332222948
437519390 3.48732382957 0.839098741546
439619690 1.73204210157 -0.363968385501
437519394 3.48725939787 1.73205554391
439881810 0.965083403969 -5.67117908674
439883922 0.964552004562 5.67112844039
437522462 3.48782854427 0.839099502751
438573062 1.42870086561 -8.23598927043
437522466 3.487664056 1.73205008107
438573066 1.42814930587 -2.63681771166
437792782 3.48735538686 -0.839102834976
437528606 1.07234493939 0.839100199672
439627814 0.965724169236 -0.176327192045
437792786 3.48728295574 -0.363970233137
437528602 1.07234639342 0.363970711891
439887962 1.73208247362 -1.73204868323
439880822 0.96573316091 0.176330180288
439880774 0.96507955463 2.74743299684
439880826 0.965710510893 0.363970349518
438573082 1.42815598184 -0.246482351898
438573086 1.42813637377 -9.68778984491e-16
438832218 0.839081967688 0.52483812805
438832214 0.839113224569 0.246482677263
438832210 0.839107947278 0.0
439887938 1.73200878819 1.73204621588
439620646 1.73202986898 -0.176324066815
439890018 1.73158788967 -0.839104991969
439620642 1.73221676473 -0.363972977862
439887930 1.7321079345 0.839108194477
439890010 1.73136631409 -1.73205255449
439887934 1.73191205358 1.19175441928
439890014 1.73133291336 -1.19174816872
439882894 0.965344440329 2.74744769197
439882890 0.965911107609 1.73205563372
438578238 0.838989609363 -2.63676309537
438578234 0.839047998385 -8.23582223582
439882898 0.966072629489 5.67129374506
438578230 0.839449501851 8.23600738571
437526602 1.7323302573 5.6713458173
438839302 2.47436425426 -8.23562405086
438839306 2.47501678738 -2.6368140364
438837338 2.47495263477 0.524835104785
437789726 3.48786746908 0.839100150572
438830170 0.839102546311 0.524841978333
437789722 3.48779574181 0.363968564613
439625802 0.967677381407 5.67149719288
439886978 1.73205198436 0.839091390468
439886974 1.73206181159 0.57734889866
439886970 1.73208070819 0.363970228679
439885950 1.73200686054 0.577349157671
439885954 1.73188226746 0.839097510463
439620738 1.73214291979 0.839100512938
439885958 1.73206566172 1.19175401099
439625806 0.965707178394 123456789
439620734 1.73212697486 0.577352624085
439620730 1.73200751795 0.363967990887
438574086 1.42801579159 -8.23574907255
437788718 3.48772013133 -1.7320517809
437788714 3.48796559873 -5.67131516359
437790790 3.48776475919 1.73204702524
437788710 3.48772205874 5.67126937901
437790794 3.48816275823 5.67129912137
437787718 1.73205106365 1.73205012054
437787710 1.73205855302 0.36397012295
437787714 1.7320547608 0.839098810923
439882878 0.965696803686 0.577350963381
439882870 0.965725219858 0.176328930093
439882874 0.965708904622 0.36397167163
437529606 1.07253797136 -5.67130633609
438834198 1.42814540356 -0.524841023406
439879726 0.965725993996 0.176330579178
439879722 0.965707178394 0.0
438571106 2.475078925 1.44874050593
438834190 1.42795206908 -1.44874018485
438571102 2.47513332828 0.885926538035
438834194 1.42814807165 -0.885927921376
437787666 1.73206281551 -0.36397125795
437783566 1.07241091355 -0.839104842523
437787662 1.73207166121 -0.839100972146
437783562 1.07237223056 -1.73204879513
437781526 1.07240129935 -9.29675600964e-16
439884846 1.7320593078 0.176328441079
437781522 1.07233057206 -0.363967207152
439884842 1.73210633947 6.65233510848e-16
439623726 0.965733179724 0.176327430518
439623722 0.965707178394 7.6412231248e-15
438840326 2.47650386841 -8.23585441092
438579242 0.83911564257 0.885917873911
438579246 0.839085880385 1.44875492524
438834226 1.42821283667 2.63677195772
438834222 1.42807769773 1.44873643487
438571030 2.4750615976 -0.524844817483
438571034 2.47502745646 -0.246480360269
438571038 2.47503696122 0.0
439622746 0.965749193994 -1.73204495113
439625778 0.965615906432 0.363961804784
439881874 0.966255535615 5.67134191814
439881870 0.96567374892 2.74747754722
439625770 0.965707178394 -1.49756008774e-15
439625774 0.965741965586 0.176333605237
437521482 3.48797537928 5.67131394335
439617674 1.73147756466 1.73205440543
439617670 1.73197159455 1.19177352809
439617678 1.73179698158 2.7474601798
438572102 2.47494313071 -0.885920160051
438572106 2.47497036355 -0.524844200688
439618622 1.73191369496 1.19174421306
439624826 0.965783798152 0.363976387921
439618626 1.73222901461 1.73205623067
439624822 0.965699886347 0.176323679582
438837334 2.47501545069 0.246477672645
438837330 2.47503696122 -1.00537013326e-15
437785626 1.73206662118 0.36397083922
437785622 1.73210633947 -6.31656854279e-16
439626774 0.965718777244 -1.191751003
439626770 0.965698130848 -1.73205413749
439626778 0.965711069042 -0.839101319451
438836330 1.42939365675 8.23573274797
438575138 1.42814419909 0.246473527575
438575134 1.42813637377 -2.5584473788e-15
438575130 1.42813509821 -0.246479842038
