437781526 1.072368710024682 0.0
437782550 1.072368710024683 0.0
437783574 1.0723687100246841 0.0
437784598 1.7320508075688779 0.0
437785622 1.7320508075688779 0.0
437786646 1.7320508075688779 0.0
437787670 1.7320508075688779 0.0
437788694 3.077683537175227 0.0
437789718 3.077683537175241 0.0
437790742 3.077683537175241 0.0
437791766 3.077683537175241 0.0
437792790 3.077683537175269 0.0
437530646 1.072368710024682 -0.0
437529622 1.072368710024683 -0.0
437528598 1.0723687100246841 -0.0
437527574 1.7320508075688779 -0.0
437526550 1.7320508075688779 -0.0
437525526 1.7320508075688779 -0.0
437524502 1.7320508075688779 -0.0
437523478 3.077683537175227 -0.0
437522454 3.077683537175241 -0.0
437521430 3.077683537175241 -0.0
437520406 3.077683537175241 -0.0
437519382 3.077683537175269 -0.0
437781530 1.0723687100246824 0.3639702342662019
437782554 1.0723687100246824 0.3639702342662019
437783578 1.0723687100246835 0.3639702342662019
437784602 1.7320508075688785 0.3639702342662021
437785626 1.7320508075688785 0.3639702342662021
437786650 1.7320508075688785 0.3639702342662021
437787674 1.7320508075688785 0.3639702342662021
437788698 3.0776835371752256 0.36397023426620245
437789722 3.07768353717524 0.36397023426620245
437790746 3.07768353717524 0.36397023426620245
437791770 3.0776835371752114 0.36397023426620245
437792794 3.077683537175268 0.36397023426620245
437530650 1.0723687100246824 0.3639702342662019
437529626 1.0723687100246824 0.3639702342662019
437528602 1.0723687100246835 0.3639702342662019
437527578 1.7320508075688785 0.3639702342662021
437526554 1.7320508075688785 0.3639702342662021
437525530 1.7320508075688785 0.3639702342662021
437524506 1.7320508075688785 0.3639702342662021
437523482 3.0776835371752256 0.36397023426620245
437522458 3.07768353717524 0.36397023426620245
437521434 3.07768353717524 0.36397023426620245
437520410 3.0776835371752114 0.36397023426620245
437519386 3.077683537175268 0.36397023426620245
437781534 1.072368710024682 0.8390996311772798
437782558 1.072368710024683 0.8390996311772798
437783582 1.0723687100246841 0.8390996311772798
437784606 1.732050807568878 0.8390996311772796
437785630 1.732050807568878 0.8390996311772796
437786654 1.732050807568878 0.8390996311772796
437787678 1.732050807568878 0.8390996311772796
437788702 3.077683537175228 0.8390996311772794
437789726 3.077683537175242 0.8390996311772794
437790750 3.077683537175242 0.8390996311772794
437791774 3.077683537175242 0.8390996311772794
437792798 3.0776835371752704 0.8390996311772794
437530654 1.072368710024682 0.8390996311772798
437529630 1.072368710024683 0.8390996311772798
437528606 1.0723687100246841 0.8390996311772798
437527582 1.732050807568878 0.8390996311772796
437526558 1.732050807568878 0.8390996311772796
437525534 1.732050807568878 0.8390996311772796
437524510 1.732050807568878 0.8390996311772796
437523486 3.077683537175228 0.8390996311772794
437522462 3.077683537175242 0.8390996311772794
437521438 3.077683537175242 0.8390996311772794
437520414 3.077683537175242 0.8390996311772794
437519390 3.0776835371752704 0.8390996311772794
437781538 1.0723687100246817 1.7320508075688743
437782562 1.0723687100246817 1.7320508075688743
437783586 1.0723687100246828 1.7320508075688743
437784610 1.7320508075688774 1.7320508075688767
437785634 1.7320508075688774 1.7320508075688767
437786658 1.7320508075688774 1.7320508075688767
437787682 1.7320508075688774 1.7320508075688767
437788706 3.077683537175226 1.7320508075688787
437789730 3.0776835371752402 1.7320508075688787
437790754 3.0776835371752402 1.7320508075688787
437791778 3.0776835371752123 1.7320508075688787
437792802 3.0776835371752687 1.7320508075688787
437530658 1.0723687100246817 1.7320508075688743
437529634 1.0723687100246817 1.7320508075688743
437528610 1.0723687100246828 1.7320508075688743
437527586 1.7320508075688774 1.7320508075688767
437526562 1.7320508075688774 1.7320508075688767
437525538 1.7320508075688774 1.7320508075688767
437524514 1.7320508075688774 1.7320508075688767
437523490 3.077683537175226 1.7320508075688787
437522466 3.0776835371752402 1.7320508075688787
437521442 3.0776835371752402 1.7320508075688787
437520418 3.0776835371752123 1.7320508075688787
437519394 3.0776835371752687 1.7320508075688787
437781542 1.0723687100246806 5.671281819617717
437782566 1.0723687100246817 5.671281819617717
437783590 1.0723687100246828 5.671281819617717
437784614 1.7320508075688779 5.6712818196177155
437785638 1.7320508075688779 5.6712818196177155
437786662 1.7320508075688779 5.6712818196177155
437787686 1.7320508075688779 5.6712818196177155
437788710 3.077683537175224 5.67128181961771
437789734 3.077683537175238 5.67128181961771
437790758 3.077683537175238 5.67128181961771
437791782 3.077683537175238 5.67128181961771
437792806 3.0776835371752664 5.67128181961771
437530662 1.0723687100246806 5.671281819617717
437529638 1.0723687100246817 5.671281819617717
437528614 1.0723687100246828 5.671281819617717
437527590 1.7320508075688779 5.6712818196177155
437526566 1.7320508075688779 5.6712818196177155
437525542 1.7320508075688779 5.6712818196177155
437524518 1.7320508075688779 5.6712818196177155
437523494 3.077683537175224 5.67128181961771
437522470 3.077683537175238 5.67128181961771
437521446 3.077683537175238 5.67128181961771
437520422 3.077683537175238 5.67128181961771
437519398 3.0776835371752664 5.67128181961771
437781546 1.0723687100246828 -5.671281819617716
437782570 1.0723687100246828 -5.671281819617716
437783594 1.072368710024684 -5.671281819617716
437784618 1.7320508075688779 -5.671281819617718
437785642 1.7320508075688779 -5.671281819617718
437786666 1.7320508075688779 -5.671281819617718
437787690 1.7320508075688779 -5.671281819617718
437788714 3.0776835371752287 -5.671281819617719
437789738 3.077683537175243 -5.671281819617719
437790762 3.077683537175243 -5.671281819617719
437791786 3.0776835371752145 -5.671281819617719
437792810 3.077683537175271 -5.671281819617719
437530666 1.0723687100246828 -5.671281819617716
437529642 1.0723687100246828 -5.671281819617716
437528618 1.072368710024684 -5.671281819617716
437527594 1.7320508075688779 -5.671281819617718
437526570 1.7320508075688779 -5.671281819617718
437525546 1.7320508075688779 -5.671281819617718
437524522 1.7320508075688779 -5.671281819617718
437523498 3.0776835371752287 -5.671281819617719
437522474 3.077683537175243 -5.671281819617719
437521450 3.077683537175243 -5.671281819617719
437520426 3.0776835371752145 -5.671281819617719
437519402 3.077683537175271 -5.671281819617719
437781550 1.0723687100246808 -1.7320508075688796
437782574 1.072368710024682 -1.7320508075688796
437783598 1.072368710024683 -1.7320508075688796
437784622 1.7320508075688772 -1.7320508075688783
437785646 1.7320508075688772 -1.7320508075688783
437786670 1.7320508075688772 -1.7320508075688783
437787694 1.7320508075688772 -1.7320508075688783
437788718 3.077683537175226 -1.7320508075688787
437789742 3.0776835371752402 -1.7320508075688787
437790766 3.0776835371752402 -1.7320508075688787
437791790 3.0776835371752402 -1.7320508075688787
437792814 3.0776835371752687 -1.7320508075688787
437530670 1.0723687100246808 -1.7320508075688796
437529646 1.072368710024682 -1.7320508075688796
437528622 1.072368710024683 -1.7320508075688796
437527598 1.7320508075688772 -1.7320508075688783
437526574 1.7320508075688772 -1.7320508075688783
437525550 1.7320508075688772 -1.7320508075688783
437524526 1.7320508075688772 -1.7320508075688783
437523502 3.077683537175226 -1.7320508075688787
437522478 3.0776835371752402 -1.7320508075688787
437521454 3.0776835371752402 -1.7320508075688787
437520430 3.0776835371752402 -1.7320508075688787
437519406 3.0776835371752687 -1.7320508075688787
437781554 1.0723687100246824 -0.8390996311772809
437782578 1.0723687100246824 -0.8390996311772809
437783602 1.0723687100246835 -0.8390996311772809
437784626 1.7320508075688774 -0.8390996311772801
437785650 1.7320508075688774 -0.8390996311772801
437786674 1.7320508075688774 -0.8390996311772801
437787698 1.7320508075688774 -0.8390996311772801
437788722 3.0776835371752256 -0.8390996311772797
437789746 3.07768353717524 -0.8390996311772797
437790770 3.07768353717524 -0.8390996311772797
437791794 3.0776835371752114 -0.8390996311772797
437792818 3.077683537175268 -0.8390996311772797
437530674 1.0723687100246824 -0.8390996311772809
437529650 1.0723687100246824 -0.8390996311772809
437528626 1.0723687100246835 -0.8390996311772809
437527602 1.7320508075688774 -0.8390996311772801
437526578 1.7320508075688774 -0.8390996311772801
437525554 1.7320508075688774 -0.8390996311772801
437524530 1.7320508075688774 -0.8390996311772801
437523506 3.0776835371752256 -0.8390996311772797
437522482 3.07768353717524 -0.8390996311772797
437521458 3.07768353717524 -0.8390996311772797
437520434 3.0776835371752114 -0.8390996311772797
437519410 3.077683537175268 -0.8390996311772797
437781558 1.0723687100246801 -0.3639702342662018
437782582 1.0723687100246813 -0.3639702342662018
437783606 1.0723687100246824 -0.3639702342662018
437784630 1.7320508075688774 -0.36397023426620256
437785654 1.7320508075688774 -0.36397023426620256
437786678 1.7320508075688774 -0.36397023426620256
437787702 1.7320508075688774 -0.36397023426620256
437788726 3.077683537175228 -0.36397023426620245
437789750 3.077683537175242 -0.36397023426620245
437790774 3.077683537175242 -0.36397023426620245
437791798 3.077683537175242 -0.36397023426620245
437792822 3.0776835371752704 -0.36397023426620245
437530678 1.0723687100246801 -0.3639702342662018
437529654 1.0723687100246813 -0.3639702342662018
437528630 1.0723687100246824 -0.3639702342662018
437527606 1.7320508075688774 -0.36397023426620256
437526582 1.7320508075688774 -0.36397023426620256
437525558 1.7320508075688774 -0.36397023426620256
437524534 1.7320508075688774 -0.36397023426620256
437523510 3.077683537175228 -0.36397023426620245
437522486 3.077683537175242 -0.36397023426620245
437521462 3.077683537175242 -0.36397023426620245
437520438 3.077683537175242 -0.36397023426620245
437519414 3.0776835371752704 -0.36397023426620245
437781562 1.072368710024682 -0.0
437782586 1.072368710024682 -0.0
437783610 1.072368710024683 -0.0
437784634 1.7320508075688763 -0.0
437785658 1.7320508075688763 -0.0
437786682 1.7320508075688763 -0.0
437787706 1.7320508075688763 -0.0
437788730 3.077683537175227 -0.0
437789754 3.077683537175241 -0.0
437790778 3.077683537175241 -0.0
437791802 3.0776835371752127 -0.0
437792826 3.077683537175269 -0.0
437530682 1.072368710024682 0.0
437529658 1.072368710024682 0.0
437528634 1.072368710024683 0.0
437527610 1.7320508075688763 0.0
437526586 1.7320508075688763 0.0
437525562 1.7320508075688763 0.0
437524538 1.7320508075688763 0.0
437523514 3.077683537175227 0.0
437522490 3.077683537175241 0.0
437521466 3.077683537175241 0.0
437520442 3.0776835371752127 0.0
437519418 3.077683537175269 0.0
437781566 1.0723687100246815 0.3639702342662024
437782590 1.0723687100246826 0.3639702342662024
437783614 1.0723687100246837 0.3639702342662024
437784638 1.7320508075688772 0.36397023426620234
437785662 1.7320508075688772 0.36397023426620234
437786686 1.7320508075688772 0.36397023426620234
437787710 1.7320508075688772 0.36397023426620234
437788734 3.077683537175228 0.3639702342662024
437789758 3.077683537175242 0.3639702342662024
437790782 3.077683537175242 0.3639702342662024
437791806 3.077683537175242 0.3639702342662024
437792830 3.0776835371752704 0.3639702342662024
437530686 1.0723687100246815 0.3639702342662024
437529662 1.0723687100246826 0.3639702342662024
437528638 1.0723687100246837 0.3639702342662024
437527614 1.7320508075688772 0.36397023426620234
437526590 1.7320508075688772 0.36397023426620234
437525566 1.7320508075688772 0.36397023426620234
437524542 1.7320508075688772 0.36397023426620234
437523518 3.077683537175228 0.3639702342662024
437522494 3.077683537175242 0.3639702342662024
437521470 3.077683537175242 0.3639702342662024
437520446 3.077683537175242 0.3639702342662024
437519422 3.0776835371752704 0.3639702342662024
437781570 1.0723687100246824 0.8390996311772809
437782594 1.0723687100246824 0.8390996311772809
437783618 1.0723687100246835 0.8390996311772809
437784642 1.7320508075688772 0.8390996311772806
437785666 1.7320508075688772 0.8390996311772806
437786690 1.7320508075688772 0.8390996311772806
437787714 1.7320508075688772 0.8390996311772806
437788738 3.077683537175226 0.8390996311772801
437789762 3.0776835371752402 0.8390996311772801
437790786 3.0776835371752402 0.8390996311772801
437791810 3.0776835371752123 0.8390996311772801
437792834 3.0776835371752687 0.8390996311772801
437530690 1.0723687100246824 0.8390996311772809
437529666 1.0723687100246824 0.8390996311772809
437528642 1.0723687100246835 0.8390996311772809
437527618 1.7320508075688772 0.8390996311772806
437526594 1.7320508075688772 0.8390996311772806
437525570 1.7320508075688772 0.8390996311772806
437524546 1.7320508075688772 0.8390996311772806
437523522 3.077683537175226 0.8390996311772801
437522498 3.0776835371752402 0.8390996311772801
437521474 3.0776835371752402 0.8390996311772801
437520450 3.0776835371752123 0.8390996311772801
437519426 3.0776835371752687 0.8390996311772801
437781574 1.0723687100246806 1.7320508075688814
437782598 1.0723687100246817 1.7320508075688814
437783622 1.0723687100246828 1.7320508075688814
437784646 1.7320508075688772 1.7320508075688783
437785670 1.7320508075688772 1.7320508075688783
437786694 1.7320508075688772 1.7320508075688783
437787718 1.7320508075688772 1.7320508075688783
437788742 3.0776835371752274 1.7320508075688774
437789766 3.0776835371752416 1.7320508075688774
437790790 3.0776835371752416 1.7320508075688774
437791814 3.0776835371752416 1.7320508075688774
437792838 3.07768353717527 1.7320508075688774
437530694 1.0723687100246806 1.7320508075688814
437529670 1.0723687100246817 1.7320508075688814
437528646 1.0723687100246828 1.7320508075688814
437527622 1.7320508075688772 1.7320508075688783
437526598 1.7320508075688772 1.7320508075688783
437525574 1.7320508075688772 1.7320508075688783
437524550 1.7320508075688772 1.7320508075688783
437523526 3.0776835371752274 1.7320508075688774
437522502 3.0776835371752416 1.7320508075688774
437521478 3.0776835371752416 1.7320508075688774
437520454 3.0776835371752416 1.7320508075688774
437519430 3.07768353717527 1.7320508075688774
437781578 1.072368710024682 5.671281819617701
437782602 1.072368710024682 5.671281819617701
437783626 1.072368710024683 5.671281819617701
437784650 1.7320508075688763 5.671281819617711
437785674 1.7320508075688763 5.671281819617711
437786698 1.7320508075688763 5.671281819617711
437787722 1.7320508075688763 5.671281819617711
437788746 3.077683537175227 5.671281819617702
437789770 3.077683537175241 5.671281819617702
437790794 3.077683537175241 5.671281819617702
437791818 3.0776835371752127 5.671281819617702
437792842 3.077683537175269 5.671281819617702
437530698 1.072368710024682 5.671281819617701
437529674 1.072368710024682 5.671281819617701
437528650 1.072368710024683 5.671281819617701
437527626 1.7320508075688763 5.671281819617711
437526602 1.7320508075688763 5.671281819617711
437525578 1.7320508075688763 5.671281819617711
437524554 1.7320508075688763 5.671281819617711
437523530 3.077683537175227 5.671281819617702
437522506 3.077683537175241 5.671281819617702
437521482 3.077683537175241 5.671281819617702
437520458 3.0776835371752127 5.671281819617702
437519434 3.077683537175269 5.671281819617702
437781510 1.0723687100246808 -5.671281819617711
437782534 1.072368710024682 -5.671281819617711
437783558 1.072368710024683 -5.671281819617711
437784582 1.7320508075688763 -5.671281819617702
437785606 1.7320508075688763 -5.671281819617702
437786630 1.7320508075688763 -5.671281819617702
437787654 1.7320508075688763 -5.671281819617702
437788678 3.077683537175226 -5.671281819617705
437789702 3.0776835371752402 -5.671281819617705
437790726 3.0776835371752402 -5.671281819617705
437791750 3.0776835371752402 -5.671281819617705
437792774 3.0776835371752687 -5.671281819617705
437530630 1.0723687100246808 -5.671281819617711
437529606 1.072368710024682 -5.671281819617711
437528582 1.072368710024683 -5.671281819617711
437527558 1.7320508075688763 -5.671281819617702
437526534 1.7320508075688763 -5.671281819617702
437525510 1.7320508075688763 -5.671281819617702
437524486 1.7320508075688763 -5.671281819617702
437523462 3.077683537175226 -5.671281819617705
437522438 3.0776835371752402 -5.671281819617705
437521414 3.0776835371752402 -5.671281819617705
437520390 3.0776835371752402 -5.671281819617705
437519366 3.0776835371752687 -5.671281819617705
437781514 1.072368710024682 -1.7320508075688787
437782538 1.072368710024682 -1.7320508075688787
437783562 1.072368710024683 -1.7320508075688787
437784586 1.732050807568876 -1.7320508075688759
437785610 1.732050807568876 -1.7320508075688759
437786634 1.732050807568876 -1.7320508075688759
437787658 1.732050807568876 -1.7320508075688759
437788682 3.077683537175225 -1.7320508075688752
437789706 3.0776835371752393 -1.7320508075688752
437790730 3.0776835371752393 -1.7320508075688752
437791754 3.077683537175211 -1.7320508075688752
437792778 3.0776835371752678 -1.7320508075688752
437530634 1.072368710024682 -1.7320508075688787
437529610 1.072368710024682 -1.7320508075688787
437528586 1.072368710024683 -1.7320508075688787
437527562 1.732050807568876 -1.7320508075688759
437526538 1.732050807568876 -1.7320508075688759
437525514 1.732050807568876 -1.7320508075688759
437524490 1.732050807568876 -1.7320508075688759
437523466 3.077683537175225 -1.7320508075688752
437522442 3.0776835371752393 -1.7320508075688752
437521418 3.0776835371752393 -1.7320508075688752
437520394 3.077683537175211 -1.7320508075688752
437519370 3.0776835371752678 -1.7320508075688752
437781518 1.0723687100246815 -0.8390996311772804
437782542 1.0723687100246826 -0.8390996311772804
437783566 1.0723687100246837 -0.8390996311772804
437784590 1.7320508075688772 -0.8390996311772806
437785614 1.7320508075688772 -0.8390996311772806
437786638 1.7320508075688772 -0.8390996311772806
437787662 1.7320508075688772 -0.8390996311772806
437788686 3.077683537175226 -0.8390996311772793
437789710 3.0776835371752402 -0.8390996311772793
437790734 3.0776835371752402 -0.8390996311772793
437791758 3.0776835371752402 -0.8390996311772793
437792782 3.0776835371752687 -0.8390996311772793
437530638 1.0723687100246815 -0.8390996311772804
437529614 1.0723687100246826 -0.8390996311772804
437528590 1.0723687100246837 -0.8390996311772804
437527566 1.7320508075688772 -0.8390996311772806
437526542 1.7320508075688772 -0.8390996311772806
437525518 1.7320508075688772 -0.8390996311772806
437524494 1.7320508075688772 -0.8390996311772806
437523470 3.077683537175226 -0.8390996311772793
437522446 3.0776835371752402 -0.8390996311772793
437521422 3.0776835371752402 -0.8390996311772793
437520398 3.0776835371752402 -0.8390996311772793
437519374 3.0776835371752687 -0.8390996311772793
437781522 1.0723687100246817 -0.3639702342662028
437782546 1.0723687100246817 -0.3639702342662028
437783570 1.0723687100246828 -0.3639702342662028
437784594 1.7320508075688772 -0.3639702342662021
437785618 1.7320508075688772 -0.3639702342662021
437786642 1.7320508075688772 -0.3639702342662021
437787666 1.7320508075688772 -0.3639702342662021
437788690 3.077683537175228 -0.36397023426620245
437789714 3.077683537175242 -0.36397023426620245
437790738 3.077683537175242 -0.36397023426620245
437791762 3.077683537175214 -0.36397023426620245
437792786 3.0776835371752704 -0.36397023426620245
437530642 1.0723687100246817 -0.3639702342662028
437529618 1.0723687100246817 -0.3639702342662028
437528594 1.0723687100246828 -0.3639702342662028
437527570 1.7320508075688772 -0.3639702342662021
437526546 1.7320508075688772 -0.3639702342662021
437525522 1.7320508075688772 -0.3639702342662021
437524498 1.7320508075688772 -0.3639702342662021
437523474 3.077683537175228 -0.36397023426620245
437522450 3.077683537175242 -0.36397023426620245
437521426 3.077683537175242 -0.36397023426620245
437520402 3.077683537175214 -0.36397023426620245
437519378 3.0776835371752704 -0.36397023426620245
438830110 0.8390996311772803 0.0
438831134 0.8390996311772803 0.0
438832158 0.8390996311772803 0.0
438833182 1.4281480067421135 0.0
438834206 1.428148006742117 0.0
438835230 1.428148006742117 0.0
438836254 1.4281480067421135 0.0
438837278 2.4750868534162875 0.0
438838302 2.4750868534162875 0.0
438839326 2.4750868534162875 0.0
438840350 2.475086853416306 0.0
438841374 2.475086853416306 0.0
438579230 0.8390996311772803 -0.0
438578206 0.8390996311772803 -0.0
438577182 0.8390996311772803 -0.0
438576158 1.4281480067421135 -0.0
438575134 1.428148006742117 -0.0
438574110 1.428148006742117 -0.0
438573086 1.4281480067421135 -0.0
438572062 2.4750868534162875 -0.0
438571038 2.4750868534162875 -0.0
438570014 2.4750868534162875 -0.0
438568990 2.475086853416306 -0.0
438567966 2.475086853416306 -0.0
438830114 0.8390996311772795 0.2464778658802248
438831138 0.8390996311772803 0.2464778658802248
438832162 0.8390996311772795 0.2464778658802248
438833186 1.4281480067421128 0.24647786588022383
438834210 1.4281480067421128 0.24647786588022383
438835234 1.4281480067421164 0.24647786588022383
438836258 1.4281480067421164 0.24647786588022383
438837282 2.475086853416286 0.246477865880224
438838306 2.475086853416286 0.246477865880224
438839330 2.475086853416286 0.246477865880224
438840354 2.475086853416305 0.246477865880224
438841378 2.475086853416305 0.246477865880224
438579234 0.8390996311772795 0.2464778658802248
438578210 0.8390996311772803 0.2464778658802248
438577186 0.8390996311772795 0.2464778658802248
438576162 1.4281480067421128 0.24647786588022383
438575138 1.4281480067421128 0.24647786588022383
438574114 1.4281480067421164 0.24647786588022383
438573090 1.4281480067421164 0.24647786588022383
438572066 2.475086853416286 0.246477865880224
438571042 2.475086853416286 0.246477865880224
438570018 2.475086853416286 0.246477865880224
438568994 2.475086853416305 0.246477865880224
438567970 2.475086853416305 0.246477865880224
438830118 0.8390996311772793 0.5248404942141369
438831142 0.8390996311772793 0.5248404942141369
438832166 0.8390996311772793 0.5248404942141369
438833190 1.4281480067421117 0.5248404942141365
438834214 1.4281480067421153 0.5248404942141365
438835238 1.4281480067421153 0.5248404942141365
438836262 1.4281480067421117 0.5248404942141365
438837286 2.4750868534162875 0.5248404942141361
438838310 2.4750868534162875 0.5248404942141361
438839334 2.4750868534162875 0.5248404942141361
438840358 2.475086853416306 0.5248404942141361
438841382 2.475086853416306 0.5248404942141361
438579238 0.8390996311772793 0.5248404942141369
438578214 0.8390996311772793 0.5248404942141369
438577190 0.8390996311772793 0.5248404942141369
438576166 1.4281480067421117 0.5248404942141365
438575142 1.4281480067421153 0.5248404942141365
438574118 1.4281480067421153 0.5248404942141365
438573094 1.4281480067421117 0.5248404942141365
438572070 2.4750868534162875 0.5248404942141361
438571046 2.4750868534162875 0.5248404942141361
438570022 2.4750868534162875 0.5248404942141361
438568998 2.475086853416306 0.5248404942141361
438567974 2.475086853416306 0.5248404942141361
438830122 0.8390996311772821 0.8859227080211132
438831146 0.8390996311772829 0.8859227080211132
438832170 0.8390996311772821 0.8859227080211132
438833194 1.4281480067421135 0.8859227080211146
438834218 1.4281480067421135 0.8859227080211146
438835242 1.428148006742117 0.8859227080211146
438836266 1.428148006742117 0.8859227080211146
438837290 2.475086853416289 0.8859227080211142
438838314 2.475086853416289 0.8859227080211142
438839338 2.475086853416289 0.8859227080211142
438840362 2.4750868534163075 0.8859227080211142
438841386 2.4750868534163075 0.8859227080211142
438579242 0.8390996311772821 0.8859227080211132
438578218 0.8390996311772829 0.8859227080211132
438577194 0.8390996311772821 0.8859227080211132
438576170 1.4281480067421135 0.8859227080211146
438575146 1.4281480067421135 0.8859227080211146
438574122 1.428148006742117 0.8859227080211146
438573098 1.428148006742117 0.8859227080211146
438572074 2.475086853416289 0.8859227080211142
438571050 2.475086853416289 0.8859227080211142
438570026 2.475086853416289 0.8859227080211142
438569002 2.4750868534163075 0.8859227080211142
438567978 2.4750868534163075 0.8859227080211142
438830126 0.8390996311772813 1.4487500919788137
438831150 0.8390996311772813 1.4487500919788137
438832174 0.8390996311772813 1.4487500919788137
438833198 1.4281480067421155 1.4487500919788159
438834222 1.4281480067421188 1.4487500919788159
438835246 1.4281480067421188 1.4487500919788159
438836270 1.4281480067421155 1.4487500919788159
438837294 2.475086853416289 1.4487500919788168
438838318 2.475086853416289 1.4487500919788168
438839342 2.475086853416289 1.4487500919788168
438840366 2.4750868534163075 1.4487500919788168
438841390 2.4750868534163075 1.4487500919788168
438579246 0.8390996311772813 1.4487500919788137
438578222 0.8390996311772813 1.4487500919788137
438577198 0.8390996311772813 1.4487500919788137
438576174 1.4281480067421155 1.4487500919788159
438575150 1.4281480067421188 1.4487500919788159
438574126 1.4281480067421188 1.4487500919788159
438573102 1.4281480067421155 1.4487500919788159
438572078 2.475086853416289 1.4487500919788168
438571054 2.475086853416289 1.4487500919788168
438570030 2.475086853416289 1.4487500919788168
438569006 2.4750868534163075 1.4487500919788168
438567982 2.4750868534163075 1.4487500919788168
438830130 0.8390996311772804 2.6367832635511004
438831154 0.8390996311772811 2.6367832635511004
438832178 0.8390996311772804 2.6367832635511004
438833202 1.4281480067421142 2.6367832635511053
438834226 1.4281480067421142 2.6367832635511053
438835250 1.4281480067421177 2.6367832635511053
438836274 1.4281480067421177 2.6367832635511053
438837298 2.475086853416287 2.636783263551106
438838322 2.475086853416287 2.636783263551106
438839346 2.475086853416287 2.636783263551106
438840370 2.4750868534163057 2.636783263551106
438841394 2.4750868534163057 2.636783263551106
438579250 0.8390996311772804 2.6367832635511004
438578226 0.8390996311772811 2.6367832635511004
438577202 0.8390996311772804 2.6367832635511004
438576178 1.4281480067421142 2.6367832635511053
438575154 1.4281480067421142 2.6367832635511053
438574130 1.4281480067421177 2.6367832635511053
438573106 1.4281480067421177 2.6367832635511053
438572082 2.475086853416287 2.636783263551106
438571058 2.475086853416287 2.636783263551106
438570034 2.475086853416287 2.636783263551106
438569010 2.4750868534163057 2.636783263551106
438567986 2.4750868534163057 2.636783263551106
438830134 0.8390996311772803 8.235740862093508
438831158 0.8390996311772803 8.235740862093508
438832182 0.8390996311772803 8.235740862093508
438833206 1.4281480067421108 8.235740862093506
438834230 1.4281480067421144 8.235740862093506
438835254 1.4281480067421144 8.235740862093506
438836278 1.4281480067421108 8.235740862093506
438837302 2.475086853416287 8.235740862093486
438838326 2.475086853416287 8.235740862093486
438839350 2.475086853416287 8.235740862093486
438840374 2.4750868534163057 8.235740862093486
438841398 2.4750868534163057 8.235740862093486
438579254 0.8390996311772803 8.235740862093508
438578230 0.8390996311772803 8.235740862093508
438577206 0.8390996311772803 8.235740862093508
438576182 1.4281480067421108 8.235740862093506
438575158 1.4281480067421144 8.235740862093506
438574134 1.4281480067421144 8.235740862093506
438573110 1.4281480067421108 8.235740862093506
438572086 2.475086853416287 8.235740862093486
438571062 2.475086853416287 8.235740862093486
438570038 2.475086853416287 8.235740862093486
438569014 2.4750868534163057 8.235740862093486
438567990 2.4750868534163057 8.235740862093486
438830138 0.8390996311772804 -8.235740862093456
438831162 0.8390996311772811 -8.235740862093456
438832186 0.8390996311772804 -8.235740862093456
438833210 1.4281480067421108 -8.235740862093458
438834234 1.4281480067421108 -8.235740862093458
438835258 1.4281480067421144 -8.235740862093458
438836282 1.4281480067421144 -8.235740862093458
438837306 2.4750868534162875 -8.235740862093465
438838330 2.4750868534162875 -8.235740862093465
438839354 2.4750868534162875 -8.235740862093465
438840378 2.475086853416306 -8.235740862093465
438841402 2.475086853416306 -8.235740862093465
438579258 0.8390996311772804 -8.235740862093456
438578234 0.8390996311772811 -8.235740862093456
438577210 0.8390996311772804 -8.235740862093456
438576186 1.4281480067421108 -8.235740862093458
438575162 1.4281480067421108 -8.235740862093458
438574138 1.4281480067421144 -8.235740862093458
438573114 1.4281480067421144 -8.235740862093458
438572090 2.4750868534162875 -8.235740862093465
438571066 2.4750868534162875 -8.235740862093465
438570042 2.4750868534162875 -8.235740862093465
438569018 2.475086853416306 -8.235740862093465
438567994 2.475086853416306 -8.235740862093465
438830142 0.8390996311772814 -2.6367832635511035
438831166 0.8390996311772814 -2.6367832635511035
438832190 0.8390996311772814 -2.6367832635511035
438833214 1.4281480067421128 -2.6367832635511026
438834238 1.4281480067421164 -2.6367832635511026
438835262 1.4281480067421164 -2.6367832635511026
438836286 1.4281480067421128 -2.6367832635511026
438837310 2.4750868534162858 -2.6367832635511026
438838334 2.4750868534162858 -2.6367832635511026
438839358 2.4750868534162858 -2.6367832635511026
438840382 2.4750868534163044 -2.6367832635511026
438841406 2.4750868534163044 -2.6367832635511026
438579262 0.8390996311772814 -2.6367832635511035
438578238 0.8390996311772814 -2.6367832635511035
438577214 0.8390996311772814 -2.6367832635511035
438576190 1.4281480067421128 -2.6367832635511026
438575166 1.4281480067421164 -2.6367832635511026
438574142 1.4281480067421164 -2.6367832635511026
438573118 1.4281480067421128 -2.6367832635511026
438572094 2.4750868534162858 -2.6367832635511026
438571070 2.4750868534162858 -2.6367832635511026
438570046 2.4750868534162858 -2.6367832635511026
438569022 2.4750868534163044 -2.6367832635511026
438567998 2.4750868534163044 -2.6367832635511026
438830146 0.8390996311772813 -1.4487500919788137
438831170 0.839099631177282 -1.4487500919788137
438832194 0.8390996311772813 -1.4487500919788137
438833218 1.4281480067421148 -1.448750091978818
438834242 1.4281480067421148 -1.448750091978818
438835266 1.4281480067421184 -1.448750091978818
438836290 1.4281480067421184 -1.448750091978818
438837314 2.475086853416289 -1.4487500919788168
438838338 2.475086853416289 -1.4487500919788168
438839362 2.475086853416289 -1.4487500919788168
438840386 2.4750868534163075 -1.4487500919788168
438841410 2.4750868534163075 -1.4487500919788168
438579266 0.8390996311772813 -1.4487500919788137
438578242 0.839099631177282 -1.4487500919788137
438577218 0.8390996311772813 -1.4487500919788137
438576194 1.4281480067421148 -1.448750091978818
438575170 1.4281480067421148 -1.448750091978818
438574146 1.4281480067421184 -1.448750091978818
438573122 1.4281480067421184 -1.448750091978818
438572098 2.475086853416289 -1.4487500919788168
438571074 2.475086853416289 -1.4487500919788168
438570050 2.475086853416289 -1.4487500919788168
438569026 2.4750868534163075 -1.4487500919788168
438568002 2.4750868534163075 -1.4487500919788168
438830150 0.8390996311772808 -0.8859227080211131
438831174 0.8390996311772808 -0.8859227080211131
438832198 0.8390996311772808 -0.8859227080211131
438833222 1.4281480067421135 -0.8859227080211146
438834246 1.428148006742117 -0.8859227080211146
438835270 1.428148006742117 -0.8859227080211146
438836294 1.4281480067421135 -0.8859227080211146
438837318 2.475086853416289 -0.8859227080211161
438838342 2.475086853416289 -0.8859227080211161
438839366 2.475086853416289 -0.8859227080211161
438840390 2.4750868534163075 -0.8859227080211161
438841414 2.4750868534163075 -0.8859227080211161
438579270 0.8390996311772808 -0.8859227080211131
438578246 0.8390996311772808 -0.8859227080211131
438577222 0.8390996311772808 -0.8859227080211131
438576198 1.4281480067421135 -0.8859227080211146
438575174 1.428148006742117 -0.8859227080211146
438574150 1.428148006742117 -0.8859227080211146
438573126 1.4281480067421135 -0.8859227080211146
438572102 2.475086853416289 -0.8859227080211161
438571078 2.475086853416289 -0.8859227080211161
438570054 2.475086853416289 -0.8859227080211161
438569030 2.4750868534163075 -0.8859227080211161
438568006 2.4750868534163075 -0.8859227080211161
438830154 0.839099631177279 -0.5248404942141363
438831178 0.8390996311772798 -0.5248404942141363
438832202 0.839099631177279 -0.5248404942141363
438833226 1.4281480067421113 -0.524840494214136
438834250 1.4281480067421113 -0.524840494214136
438835274 1.4281480067421148 -0.524840494214136
438836298 1.4281480067421148 -0.524840494214136
438837322 2.4750868534162875 -0.5248404942141361
438838346 2.4750868534162875 -0.5248404942141361
438839370 2.4750868534162875 -0.5248404942141361
438840394 2.475086853416306 -0.5248404942141361
438841418 2.475086853416306 -0.5248404942141361
438579274 0.839099631177279 -0.5248404942141363
438578250 0.8390996311772798 -0.5248404942141363
438577226 0.839099631177279 -0.5248404942141363
438576202 1.4281480067421113 -0.524840494214136
438575178 1.4281480067421113 -0.524840494214136
438574154 1.4281480067421148 -0.524840494214136
438573130 1.4281480067421148 -0.524840494214136
438572106 2.4750868534162875 -0.5248404942141361
438571082 2.4750868534162875 -0.5248404942141361
438570058 2.4750868534162875 -0.5248404942141361
438569034 2.475086853416306 -0.5248404942141361
438568010 2.475086853416306 -0.5248404942141361
438830158 0.8390996311772795 -0.24647786588022494
438831182 0.8390996311772795 -0.24647786588022494
438832206 0.8390996311772795 -0.24647786588022494
438833230 1.4281480067421133 -0.24647786588022405
438834254 1.4281480067421168 -0.24647786588022405
438835278 1.4281480067421168 -0.24647786588022405
438836302 1.4281480067421133 -0.24647786588022405
438837326 2.475086853416286 -0.24647786588022377
438838350 2.475086853416286 -0.24647786588022377
438839374 2.475086853416286 -0.24647786588022377
438840398 2.475086853416305 -0.24647786588022377
438841422 2.475086853416305 -0.24647786588022377
438579278 0.8390996311772795 -0.24647786588022494
438578254 0.8390996311772795 -0.24647786588022494
438577230 0.8390996311772795 -0.24647786588022494
438576206 1.4281480067421133 -0.24647786588022405
438575182 1.4281480067421168 -0.24647786588022405
438574158 1.4281480067421168 -0.24647786588022405
438573134 1.4281480067421133 -0.24647786588022405
438572110 2.475086853416286 -0.24647786588022377
438571086 2.475086853416286 -0.24647786588022377
438570062 2.475086853416286 -0.24647786588022377
438569038 2.475086853416305 -0.24647786588022377
438568014 2.475086853416305 -0.24647786588022377
438830162 0.8390996311772785 -0.0
438831186 0.8390996311772793 -0.0
438832210 0.8390996311772785 -0.0
438833234 1.428148006742111 -0.0
438834258 1.428148006742111 -0.0
438835282 1.4281480067421146 -0.0
438836306 1.4281480067421146 -0.0
438837330 2.4750868534162875 -0.0
438838354 2.4750868534162875 -0.0
438839378 2.4750868534162875 -0.0
438840402 2.475086853416306 -0.0
438841426 2.475086853416306 -0.0
438579282 0.8390996311772785 0.0
438578258 0.8390996311772793 0.0
438577234 0.8390996311772785 0.0
438576210 1.428148006742111 0.0
438575186 1.428148006742111 0.0
438574162 1.4281480067421146 0.0
438573138 1.4281480067421146 0.0
438572114 2.4750868534162875 0.0
438571090 2.4750868534162875 0.0
438570066 2.4750868534162875 0.0
438569042 2.475086853416306 0.0
438568018 2.475086853416306 0.0
438830166 0.8390996311772811 0.24647786588022408
438831190 0.8390996311772811 0.24647786588022408
438832214 0.8390996311772811 0.24647786588022408
438833238 1.4281480067421133 0.24647786588022427
438834262 1.4281480067421168 0.24647786588022427
438835286 1.4281480067421168 0.24647786588022427
438836310 1.4281480067421133 0.24647786588022427
438837334 2.4750868534162827 0.24647786588022477
438838358 2.4750868534162827 0.24647786588022477
438839382 2.4750868534162827 0.24647786588022477
438840406 2.4750868534163013 0.24647786588022477
438841430 2.4750868534163013 0.24647786588022477
438579286 0.8390996311772811 0.24647786588022408
438578262 0.8390996311772811 0.24647786588022408
438577238 0.8390996311772811 0.24647786588022408
438576214 1.4281480067421133 0.24647786588022427
438575190 1.4281480067421168 0.24647786588022427
438574166 1.4281480067421168 0.24647786588022427
438573142 1.4281480067421133 0.24647786588022427
438572118 2.4750868534162827 0.24647786588022477
438571094 2.4750868534162827 0.24647786588022477
438570070 2.4750868534162827 0.24647786588022477
438569046 2.4750868534163013 0.24647786588022477
438568022 2.4750868534163013 0.24647786588022477
438830170 0.839099631177281 0.5248404942141356
438831194 0.8390996311772818 0.5248404942141356
438832218 0.839099631177281 0.5248404942141356
438833242 1.4281480067421142 0.5248404942141355
438834266 1.4281480067421142 0.5248404942141355
438835290 1.4281480067421177 0.5248404942141355
438836314 1.4281480067421177 0.5248404942141355
438837338 2.4750868534162844 0.5248404942141375
438838362 2.4750868534162844 0.5248404942141375
438839386 2.4750868534162844 0.5248404942141375
438840410 2.4750868534163035 0.5248404942141375
438841434 2.4750868534163035 0.5248404942141375
438579290 0.839099631177281 0.5248404942141356
438578266 0.8390996311772818 0.5248404942141356
438577242 0.839099631177281 0.5248404942141356
438576218 1.4281480067421142 0.5248404942141355
438575194 1.4281480067421142 0.5248404942141355
438574170 1.4281480067421177 0.5248404942141355
438573146 1.4281480067421177 0.5248404942141355
438572122 2.4750868534162844 0.5248404942141375
438571098 2.4750868534162844 0.5248404942141375
438570074 2.4750868534162844 0.5248404942141375
438569050 2.4750868534163035 0.5248404942141375
438568026 2.4750868534163035 0.5248404942141375
438830174 0.8390996311772806 0.8859227080211158
438831198 0.8390996311772806 0.8859227080211158
438832222 0.8390996311772806 0.8859227080211158
438833246 1.4281480067421126 0.8859227080211135
438834270 1.4281480067421162 0.8859227080211135
438835294 1.4281480067421162 0.8859227080211135
438836318 1.4281480067421126 0.8859227080211135
438837342 2.475086853416288 0.8859227080211151
438838366 2.475086853416288 0.8859227080211151
438839390 2.475086853416288 0.8859227080211151
438840414 2.4750868534163066 0.8859227080211151
438841438 2.4750868534163066 0.8859227080211151
438579294 0.8390996311772806 0.8859227080211158
438578270 0.8390996311772806 0.8859227080211158
438577246 0.8390996311772806 0.8859227080211158
438576222 1.4281480067421126 0.8859227080211135
438575198 1.4281480067421162 0.8859227080211135
438574174 1.4281480067421162 0.8859227080211135
438573150 1.4281480067421126 0.8859227080211135
438572126 2.475086853416288 0.8859227080211151
438571102 2.475086853416288 0.8859227080211151
438570078 2.475086853416288 0.8859227080211151
438569054 2.4750868534163066 0.8859227080211151
438568030 2.4750868534163066 0.8859227080211151
438830178 0.8390996311772808 1.4487500919788165
438831202 0.8390996311772816 1.4487500919788165
438832226 0.8390996311772808 1.4487500919788165
438833250 1.4281480067421135 1.4487500919788168
438834274 1.4281480067421135 1.4487500919788168
438835298 1.428148006742117 1.4487500919788168
438836322 1.428148006742117 1.4487500919788168
438837346 2.475086853416288 1.4487500919788185
438838370 2.475086853416288 1.4487500919788185
438839394 2.475086853416288 1.4487500919788185
438840418 2.4750868534163066 1.4487500919788185
438841442 2.4750868534163066 1.4487500919788185
438579298 0.8390996311772808 1.4487500919788165
438578274 0.8390996311772816 1.4487500919788165
438577250 0.8390996311772808 1.4487500919788165
438576226 1.4281480067421135 1.4487500919788168
438575202 1.4281480067421135 1.4487500919788168
438574178 1.428148006742117 1.4487500919788168
438573154 1.428148006742117 1.4487500919788168
438572130 2.475086853416288 1.4487500919788185
438571106 2.475086853416288 1.4487500919788185
438570082 2.475086853416288 1.4487500919788185
438569058 2.4750868534163066 1.4487500919788185
438568034 2.4750868534163066 1.4487500919788185
438830182 0.8390996311772796 2.6367832635510973
438831206 0.8390996311772796 2.6367832635510973
438832230 0.8390996311772796 2.6367832635510973
438833254 1.4281480067421155 2.6367832635511075
438834278 1.4281480067421188 2.6367832635511075
438835302 1.4281480067421188 2.6367832635511075
438836326 1.4281480067421155 2.6367832635511075
438837350 2.475086853416289 2.6367832635511084
438838374 2.475086853416289 2.6367832635511084
438839398 2.475086853416289 2.6367832635511084
438840422 2.4750868534163075 2.6367832635511084
438841446 2.4750868534163075 2.6367832635511084
438579302 0.8390996311772796 2.6367832635510973
438578278 0.8390996311772796 2.6367832635510973
438577254 0.8390996311772796 2.6367832635510973
438576230 1.4281480067421155 2.6367832635511075
438575206 1.4281480067421188 2.6367832635511075
438574182 1.4281480067421188 2.6367832635511075
438573158 1.4281480067421155 2.6367832635511075
438572134 2.475086853416289 2.6367832635511084
438571110 2.475086853416289 2.6367832635511084
438570086 2.475086853416289 2.6367832635511084
438569062 2.4750868534163075 2.6367832635511084
438568038 2.4750868534163075 2.6367832635511084
438830186 0.8390996311772804 8.23574086209347
438831210 0.8390996311772811 8.23574086209347
438832234 0.8390996311772804 8.23574086209347
438833258 1.4281480067421133 8.235740862093492
438834282 1.4281480067421133 8.235740862093492
438835306 1.4281480067421168 8.235740862093492
438836330 1.4281480067421168 8.235740862093492
438837354 2.4750868534162875 8.235740862093435
438838378 2.4750868534162875 8.235740862093435
438839402 2.4750868534162875 8.235740862093435
438840426 2.475086853416306 8.235740862093435
438841450 2.475086853416306 8.235740862093435
438579306 0.8390996311772804 8.23574086209347
438578282 0.8390996311772811 8.23574086209347
438577258 0.8390996311772804 8.23574086209347
438576234 1.4281480067421133 8.235740862093492
438575210 1.4281480067421133 8.235740862093492
438574186 1.4281480067421168 8.235740862093492
438573162 1.4281480067421168 8.235740862093492
438572138 2.4750868534162875 8.235740862093435
438571114 2.4750868534162875 8.235740862093435
438570090 2.4750868534162875 8.235740862093435
438569066 2.475086853416306 8.235740862093435
438568042 2.475086853416306 8.235740862093435
438830086 0.8390996311772823 -8.235740862093502
438831110 0.8390996311772823 -8.235740862093502
438832134 0.8390996311772823 -8.235740862093502
438833158 1.4281480067421133 -8.235740862093474
438834182 1.4281480067421168 -8.235740862093474
438835206 1.4281480067421168 -8.235740862093474
438836230 1.4281480067421133 -8.235740862093474
438837254 2.4750868534162875 -8.235740862093465
438838278 2.4750868534162875 -8.235740862093465
438839302 2.4750868534162875 -8.235740862093465
438840326 2.475086853416306 -8.235740862093465
438841350 2.475086853416306 -8.235740862093465
438579206 0.8390996311772823 -8.235740862093502
438578182 0.8390996311772823 -8.235740862093502
438577158 0.8390996311772823 -8.235740862093502
438576134 1.4281480067421133 -8.235740862093474
438575110 1.4281480067421168 -8.235740862093474
438574086 1.4281480067421168 -8.235740862093474
438573062 1.4281480067421133 -8.235740862093474
438572038 2.4750868534162875 -8.235740862093465
438571014 2.4750868534162875 -8.235740862093465
438569990 2.4750868534162875 -8.235740862093465
438568966 2.475086853416306 -8.235740862093465
438567942 2.475086853416306 -8.235740862093465
438830090 0.8390996311772814 -2.6367832635511035
438831114 0.8390996311772821 -2.6367832635511035
438832138 0.8390996311772814 -2.6367832635511035
438833162 1.4281480067421133 -2.6367832635511013
438834186 1.4281480067421133 -2.6367832635511013
438835210 1.4281480067421168 -2.6367832635511013
438836234 1.4281480067421168 -2.6367832635511013
438837258 2.475086853416289 -2.6367832635511084
438838282 2.475086853416289 -2.6367832635511084
438839306 2.475086853416289 -2.6367832635511084
438840330 2.4750868534163075 -2.6367832635511084
438841354 2.4750868534163075 -2.6367832635511084
438579210 0.8390996311772814 -2.6367832635511035
438578186 0.8390996311772821 -2.6367832635511035
438577162 0.8390996311772814 -2.6367832635511035
438576138 1.4281480067421133 -2.6367832635511013
438575114 1.4281480067421133 -2.6367832635511013
438574090 1.4281480067421168 -2.6367832635511013
438573066 1.4281480067421168 -2.6367832635511013
438572042 2.475086853416289 -2.6367832635511084
438571018 2.475086853416289 -2.6367832635511084
438569994 2.475086853416289 -2.6367832635511084
438568970 2.4750868534163075 -2.6367832635511084
438567946 2.4750868534163075 -2.6367832635511084
438830094 0.8390996311772793 -1.4487500919788125
438831118 0.8390996311772793 -1.4487500919788125
438832142 0.8390996311772793 -1.4487500919788125
438833166 1.428148006742112 -1.4487500919788174
438834190 1.4281480067421155 -1.4487500919788174
438835214 1.4281480067421155 -1.4487500919788174
438836238 1.428148006742112 -1.4487500919788174
438837262 2.475086853416288 -1.4487500919788185
438838286 2.475086853416288 -1.4487500919788185
438839310 2.475086853416288 -1.4487500919788185
438840334 2.4750868534163066 -1.4487500919788185
438841358 2.4750868534163066 -1.4487500919788185
438579214 0.8390996311772793 -1.4487500919788125
438578190 0.8390996311772793 -1.4487500919788125
438577166 0.8390996311772793 -1.4487500919788125
438576142 1.428148006742112 -1.4487500919788174
438575118 1.4281480067421155 -1.4487500919788174
438574094 1.4281480067421155 -1.4487500919788174
438573070 1.428148006742112 -1.4487500919788174
438572046 2.475086853416288 -1.4487500919788185
438571022 2.475086853416288 -1.4487500919788185
438569998 2.475086853416288 -1.4487500919788185
438568974 2.4750868534163066 -1.4487500919788185
438567950 2.4750868534163066 -1.4487500919788185
438830098 0.8390996311772799 -0.8859227080211172
438831122 0.8390996311772807 -0.8859227080211172
438832146 0.8390996311772799 -0.8859227080211172
438833170 1.4281480067421126 -0.8859227080211157
438834194 1.4281480067421126 -0.8859227080211157
438835218 1.4281480067421162 -0.8859227080211157
438836242 1.4281480067421162 -0.8859227080211157
438837266 2.4750868534162866 -0.885922708021114
438838290 2.4750868534162866 -0.885922708021114
438839314 2.4750868534162866 -0.885922708021114
438840338 2.4750868534163053 -0.885922708021114
438841362 2.4750868534163053 -0.885922708021114
438579218 0.8390996311772799 -0.8859227080211172
438578194 0.8390996311772807 -0.8859227080211172
438577170 0.8390996311772799 -0.8859227080211172
438576146 1.4281480067421126 -0.8859227080211157
438575122 1.4281480067421126 -0.8859227080211157
438574098 1.4281480067421162 -0.8859227080211157
438573074 1.4281480067421162 -0.8859227080211157
438572050 2.4750868534162866 -0.885922708021114
438571026 2.4750868534162866 -0.885922708021114
438570002 2.4750868534162866 -0.885922708021114
438568978 2.4750868534163053 -0.885922708021114
438567954 2.4750868534163053 -0.885922708021114
438830102 0.8390996311772819 -0.5248404942141356
438831126 0.8390996311772819 -0.5248404942141356
438832150 0.8390996311772819 -0.5248404942141356
438833174 1.4281480067421126 -0.5248404942141355
438834198 1.4281480067421162 -0.5248404942141355
438835222 1.4281480067421162 -0.5248404942141355
438836246 1.4281480067421126 -0.5248404942141355
438837270 2.4750868534162853 -0.5248404942141379
438838294 2.4750868534162853 -0.5248404942141379
438839318 2.4750868534162853 -0.5248404942141379
438840342 2.475086853416304 -0.5248404942141379
438841366 2.475086853416304 -0.5248404942141379
438579222 0.8390996311772819 -0.5248404942141356
438578198 0.8390996311772819 -0.5248404942141356
438577174 0.8390996311772819 -0.5248404942141356
438576150 1.4281480067421126 -0.5248404942141355
438575126 1.4281480067421162 -0.5248404942141355
438574102 1.4281480067421162 -0.5248404942141355
438573078 1.4281480067421126 -0.5248404942141355
438572054 2.4750868534162853 -0.5248404942141379
438571030 2.4750868534162853 -0.5248404942141379
438570006 2.4750868534162853 -0.5248404942141379
438568982 2.475086853416304 -0.5248404942141379
438567958 2.475086853416304 -0.5248404942141379
438830106 0.8390996311772811 -0.2464778658802238
438831130 0.8390996311772819 -0.2464778658802238
438832154 0.8390996311772811 -0.2464778658802238
438833178 1.4281480067421128 -0.2464778658802236
438834202 1.4281480067421128 -0.2464778658802236
438835226 1.4281480067421164 -0.2464778658802236
438836250 1.4281480067421164 -0.2464778658802236
438837274 2.4750868534162866 -0.24647786588022458
438838298 2.4750868534162866 -0.24647786588022458
438839322 2.4750868534162866 -0.24647786588022458
438840346 2.4750868534163053 -0.24647786588022458
438841370 2.4750868534163053 -0.24647786588022458
438579226 0.8390996311772811 -0.2464778658802238
438578202 0.8390996311772819 -0.2464778658802238
438577178 0.8390996311772811 -0.2464778658802238
438576154 1.4281480067421128 -0.2464778658802236
438575130 1.4281480067421128 -0.2464778658802236
438574106 1.4281480067421164 -0.2464778658802236
438573082 1.4281480067421164 -0.2464778658802236
438572058 2.4750868534162866 -0.24647786588022458
438571034 2.4750868534162866 -0.24647786588022458
438570010 2.4750868534162866 -0.24647786588022458
438568986 2.4750868534163053 -0.24647786588022458
438567962 2.4750868534163053 -0.24647786588022458
439878698 0.9656887748070724 0.0
439879722 0.9656887748070743 0.0
439880746 0.9656887748070743 0.0
439881770 0.9656887748070743 0.0
439882794 0.9656887748070743 0.0
439883818 0.9656887748070743 0.0
439884842 1.7320508075688763 0.0
439885866 1.7320508075688763 0.0
439886890 1.7320508075688763 0.0
439887914 1.7320508075688763 0.0
439888938 1.7320508075688763 0.0
439889962 1.7320508075688763 0.0
439627818 0.9656887748070724 -0.0
439626794 0.9656887748070743 -0.0
439625770 0.9656887748070743 -0.0
439624746 0.9656887748070743 -0.0
439623722 0.9656887748070743 -0.0
439622698 0.9656887748070743 -0.0
439621674 1.7320508075688763 -0.0
439620650 1.7320508075688763 -0.0
439619626 1.7320508075688763 -0.0
439618602 1.7320508075688763 -0.0
439617578 1.7320508075688763 -0.0
439616554 1.7320508075688763 -0.0
439878702 0.9656887748070723 0.17632698070846556
439879726 0.9656887748070723 0.17632698070846556
439880750 0.9656887748070723 0.17632698070846556
439881774 0.9656887748070723 0.17632698070846556
439882798 0.9656887748070723 0.17632698070846556
439883822 0.9656887748070723 0.17632698070846556
439884846 1.7320508075688763 0.17632698070846514
439885870 1.7320508075688763 0.17632698070846514
439886894 1.7320508075688763 0.17632698070846514
439887918 1.7320508075688763 0.17632698070846514
439888942 1.7320508075688763 0.17632698070846514
439889966 1.7320508075688763 0.17632698070846514
439627822 0.9656887748070723 0.17632698070846556
439626798 0.9656887748070723 0.17632698070846556
439625774 0.9656887748070723 0.17632698070846556
439624750 0.9656887748070723 0.17632698070846556
439623726 0.9656887748070723 0.17632698070846556
439622702 0.9656887748070723 0.17632698070846556
439621678 1.7320508075688763 0.17632698070846514
439620654 1.7320508075688763 0.17632698070846514
439619630 1.7320508075688763 0.17632698070846514
439618606 1.7320508075688763 0.17632698070846514
439617582 1.7320508075688763 0.17632698070846514
439616558 1.7320508075688763 0.17632698070846514
439878706 0.965688774807071 0.36397023426620273
439879730 0.9656887748070729 0.36397023426620273
439880754 0.9656887748070729 0.36397023426620273
439881778 0.9656887748070729 0.36397023426620273
439882802 0.9656887748070729 0.36397023426620273
439883826 0.9656887748070729 0.36397023426620273
439884850 1.7320508075688772 0.3639702342662021
439885874 1.7320508075688772 0.3639702342662021
439886898 1.7320508075688772 0.3639702342662021
439887922 1.7320508075688772 0.3639702342662021
439888946 1.7320508075688772 0.3639702342662021
439889970 1.7320508075688772 0.3639702342662021
439627826 0.965688774807071 0.36397023426620273
439626802 0.9656887748070729 0.36397023426620273
439625778 0.9656887748070729 0.36397023426620273
439624754 0.9656887748070729 0.36397023426620273
439623730 0.9656887748070729 0.36397023426620273
439622706 0.9656887748070729 0.36397023426620273
439621682 1.7320508075688772 0.3639702342662021
439620658 1.7320508075688772 0.3639702342662021
439619634 1.7320508075688772 0.3639702342662021
439618610 1.7320508075688772 0.3639702342662021
439617586 1.7320508075688772 0.3639702342662021
439616562 1.7320508075688772 0.3639702342662021
439878710 0.9656887748070752 0.5773502691896252
439879734 0.9656887748070752 0.5773502691896252
439880758 0.9656887748070752 0.5773502691896252
439881782 0.9656887748070752 0.5773502691896252
439882806 0.9656887748070752 0.5773502691896252
439883830 0.9656887748070752 0.5773502691896252
439884854 1.7320508075688779 0.5773502691896264
439885878 1.7320508075688779 0.5773502691896264
439886902 1.7320508075688779 0.5773502691896264
439887926 1.7320508075688779 0.5773502691896264
439888950 1.7320508075688779 0.5773502691896264
439889974 1.7320508075688779 0.5773502691896264
439627830 0.9656887748070752 0.5773502691896252
439626806 0.9656887748070752 0.5773502691896252
439625782 0.9656887748070752 0.5773502691896252
439624758 0.9656887748070752 0.5773502691896252
439623734 0.9656887748070752 0.5773502691896252
439622710 0.9656887748070752 0.5773502691896252
439621686 1.7320508075688779 0.5773502691896264
439620662 1.7320508075688779 0.5773502691896264
439619638 1.7320508075688779 0.5773502691896264
439618614 1.7320508075688779 0.5773502691896264
439617590 1.7320508075688779 0.5773502691896264
439616566 1.7320508075688779 0.5773502691896264
439878714 0.9656887748070769 0.8390996311772799
439879738 0.9656887748070769 0.8390996311772799
439880762 0.9656887748070769 0.8390996311772799
439881786 0.9656887748070769 0.8390996311772799
439882810 0.9656887748070769 0.8390996311772799
439883834 0.9656887748070769 0.8390996311772799
439884858 1.732050807568878 0.8390996311772796
439885882 1.732050807568878 0.8390996311772796
439886906 1.732050807568878 0.8390996311772796
439887930 1.732050807568878 0.8390996311772796
439888954 1.732050807568878 0.8390996311772796
439889978 1.732050807568878 0.8390996311772796
439627834 0.9656887748070769 0.8390996311772799
439626810 0.9656887748070769 0.8390996311772799
439625786 0.9656887748070769 0.8390996311772799
439624762 0.9656887748070769 0.8390996311772799
439623738 0.9656887748070769 0.8390996311772799
439622714 0.9656887748070769 0.8390996311772799
439621690 1.732050807568878 0.8390996311772796
439620666 1.732050807568878 0.8390996311772796
439619642 1.732050807568878 0.8390996311772796
439618618 1.732050807568878 0.8390996311772796
439617594 1.732050807568878 0.8390996311772796
439616570 1.732050807568878 0.8390996311772796
439878718 0.9656887748070754 1.1917535925942069
439879742 0.9656887748070735 1.1917535925942069
439880766 0.9656887748070754 1.1917535925942069
439881790 0.9656887748070754 1.1917535925942069
439882814 0.9656887748070754 1.1917535925942069
439883838 0.9656887748070754 1.1917535925942069
439884862 1.732050807568878 1.1917535925942104
439885886 1.732050807568878 1.1917535925942104
439886910 1.732050807568878 1.1917535925942104
439887934 1.732050807568878 1.1917535925942104
439888958 1.732050807568878 1.1917535925942104
439889982 1.732050807568878 1.1917535925942104
439627838 0.9656887748070754 1.1917535925942069
439626814 0.9656887748070735 1.1917535925942069
439625790 0.9656887748070754 1.1917535925942069
439624766 0.9656887748070754 1.1917535925942069
439623742 0.9656887748070754 1.1917535925942069
439622718 0.9656887748070754 1.1917535925942069
439621694 1.732050807568878 1.1917535925942104
439620670 1.732050807568878 1.1917535925942104
439619646 1.732050807568878 1.1917535925942104
439618622 1.732050807568878 1.1917535925942104
439617598 1.732050807568878 1.1917535925942104
439616574 1.732050807568878 1.1917535925942104
439878722 0.9656887748070757 1.7320508075688756
439879746 0.9656887748070757 1.7320508075688756
439880770 0.9656887748070757 1.7320508075688756
439881794 0.9656887748070757 1.7320508075688756
439882818 0.9656887748070757 1.7320508075688756
439883842 0.9656887748070757 1.7320508075688756
439884866 1.7320508075688763 1.732050807568881
439885890 1.7320508075688763 1.732050807568881
439886914 1.7320508075688763 1.732050807568881
439887938 1.7320508075688763 1.732050807568881
439888962 1.7320508075688763 1.732050807568881
439889986 1.7320508075688763 1.732050807568881
439627842 0.9656887748070757 1.7320508075688756
439626818 0.9656887748070757 1.7320508075688756
439625794 0.9656887748070757 1.7320508075688756
439624770 0.9656887748070757 1.7320508075688756
439623746 0.9656887748070757 1.7320508075688756
439622722 0.9656887748070757 1.7320508075688756
439621698 1.7320508075688763 1.732050807568881
439620674 1.7320508075688763 1.732050807568881
439619650 1.7320508075688763 1.732050807568881
439618626 1.7320508075688763 1.732050807568881
439617602 1.7320508075688763 1.732050807568881
439616578 1.7320508075688763 1.732050807568881
439878726 0.9656887748070749 2.747477419454621
439879750 0.965688774807073 2.747477419454621
439880774 0.9656887748070749 2.747477419454621
439881798 0.9656887748070749 2.747477419454621
439882822 0.9656887748070749 2.747477419454621
439883846 0.9656887748070749 2.747477419454621
439884870 1.7320508075688743 2.7474774194546225
439885894 1.7320508075688743 2.7474774194546225
439886918 1.7320508075688743 2.7474774194546225
439887942 1.7320508075688743 2.7474774194546225
439888966 1.7320508075688743 2.7474774194546225
439889990 1.7320508075688743 2.7474774194546225
439627846 0.9656887748070749 2.747477419454621
439626822 0.965688774807073 2.747477419454621
439625798 0.9656887748070749 2.747477419454621
439624774 0.9656887748070749 2.747477419454621
439623750 0.9656887748070749 2.747477419454621
439622726 0.9656887748070749 2.747477419454621
439621702 1.7320508075688743 2.7474774194546225
439620678 1.7320508075688743 2.7474774194546225
439619654 1.7320508075688743 2.7474774194546225
439618630 1.7320508075688743 2.7474774194546225
439617606 1.7320508075688743 2.7474774194546225
439616582 1.7320508075688743 2.7474774194546225
439878730 0.9656887748070743 5.6712818196177075
439879754 0.9656887748070743 5.6712818196177075
439880778 0.9656887748070743 5.6712818196177075
439881802 0.9656887748070743 5.6712818196177075
439882826 0.9656887748070743 5.6712818196177075
439883850 0.9656887748070743 5.6712818196177075
439884874 1.7320508075688763 5.671281819617698
439885898 1.7320508075688763 5.671281819617698
439886922 1.7320508075688763 5.671281819617698
439887946 1.7320508075688763 5.671281819617698
439888970 1.7320508075688763 5.671281819617698
439889994 1.7320508075688763 5.671281819617698
439627850 0.9656887748070743 5.6712818196177075
439626826 0.9656887748070743 5.6712818196177075
439625802 0.9656887748070743 5.6712818196177075
439624778 0.9656887748070743 5.6712818196177075
439623754 0.9656887748070743 5.6712818196177075
439622730 0.9656887748070743 5.6712818196177075
439621706 1.7320508075688763 5.671281819617698
439620682 1.7320508075688763 5.671281819617698
439619658 1.7320508075688763 5.671281819617698
439618634 1.7320508075688763 5.671281819617698
439617610 1.7320508075688763 5.671281819617698
439616586 1.7320508075688763 5.671281819617698
439878734 0.9656887748070743 123456789
439879758 0.9656887748070724 123456789
439880782 0.9656887748070743 123456789
439881806 0.9656887748070743 123456789
439882830 0.9656887748070743 123456789
439883854 0.9656887748070743 123456789
439884878 1.7320508075688763 123456789
439885902 1.7320508075688763 123456789
439886926 1.7320508075688763 123456789
439887950 1.7320508075688763 123456789
439888974 1.7320508075688763 123456789
439889998 1.7320508075688763 123456789
439627854 0.9656887748070743 123456789
439626830 0.9656887748070724 123456789
439625806 0.9656887748070743 123456789
439624782 0.9656887748070743 123456789
439623758 0.9656887748070743 123456789
439622734 0.9656887748070743 123456789
439621710 1.7320508075688763 123456789
439620686 1.7320508075688763 123456789
439619662 1.7320508075688763 123456789
439618638 1.7320508075688763 123456789
439617614 1.7320508075688763 123456789
439616590 1.7320508075688763 123456789
439878738 0.9656887748070763 -5.671281819617719
439879762 0.9656887748070763 -5.671281819617719
439880786 0.9656887748070763 -5.671281819617719
439881810 0.9656887748070763 -5.671281819617719
439882834 0.9656887748070763 -5.671281819617719
439883858 0.9656887748070763 -5.671281819617719
439884882 1.7320508075688736 -5.671281819617705
439885906 1.7320508075688736 -5.671281819617705
439886930 1.7320508075688736 -5.671281819617705
439887954 1.7320508075688736 -5.671281819617705
439888978 1.7320508075688736 -5.671281819617705
439890002 1.7320508075688736 -5.671281819617705
439627858 0.9656887748070763 -5.671281819617719
439626834 0.9656887748070763 -5.671281819617719
439625810 0.9656887748070763 -5.671281819617719
439624786 0.9656887748070763 -5.671281819617719
439623762 0.9656887748070763 -5.671281819617719
439622738 0.9656887748070763 -5.671281819617719
439621714 1.7320508075688736 -5.671281819617705
439620690 1.7320508075688736 -5.671281819617705
439619666 1.7320508075688736 -5.671281819617705
439618642 1.7320508075688736 -5.671281819617705
439617618 1.7320508075688736 -5.671281819617705
439616594 1.7320508075688736 -5.671281819617705
439878742 0.9656887748070749 -2.747477419454621
439879766 0.965688774807073 -2.747477419454621
439880790 0.9656887748070749 -2.747477419454621
439881814 0.9656887748070749 -2.747477419454621
439882838 0.9656887748070749 -2.747477419454621
439883862 0.9656887748070749 -2.747477419454621
439884886 1.7320508075688774 -2.7474774194546208
439885910 1.7320508075688774 -2.7474774194546208
439886934 1.7320508075688774 -2.7474774194546208
439887958 1.7320508075688774 -2.7474774194546208
439888982 1.7320508075688774 -2.7474774194546208
439890006 1.7320508075688774 -2.7474774194546208
439627862 0.9656887748070749 -2.747477419454621
439626838 0.965688774807073 -2.747477419454621
439625814 0.9656887748070749 -2.747477419454621
439624790 0.9656887748070749 -2.747477419454621
439623766 0.9656887748070749 -2.747477419454621
439622742 0.9656887748070749 -2.747477419454621
439621718 1.7320508075688774 -2.7474774194546208
439620694 1.7320508075688774 -2.7474774194546208
439619670 1.7320508075688774 -2.7474774194546208
439618646 1.7320508075688774 -2.7474774194546208
439617622 1.7320508075688774 -2.7474774194546208
439616598 1.7320508075688774 -2.7474774194546208
439878746 0.9656887748070737 -1.7320508075688756
439879770 0.9656887748070757 -1.7320508075688756
439880794 0.9656887748070757 -1.7320508075688756
439881818 0.9656887748070757 -1.7320508075688756
439882842 0.9656887748070757 -1.7320508075688756
439883866 0.9656887748070757 -1.7320508075688756
439884890 1.7320508075688779 -1.7320508075688754
439885914 1.7320508075688779 -1.7320508075688754
439886938 1.7320508075688779 -1.7320508075688754
439887962 1.7320508075688779 -1.7320508075688754
439888986 1.7320508075688779 -1.7320508075688754
439890010 1.7320508075688779 -1.7320508075688754
439627866 0.9656887748070737 -1.7320508075688756
439626842 0.9656887748070757 -1.7320508075688756
439625818 0.9656887748070757 -1.7320508075688756
439624794 0.9656887748070757 -1.7320508075688756
439623770 0.9656887748070757 -1.7320508075688756
439622746 0.9656887748070757 -1.7320508075688756
439621722 1.7320508075688779 -1.7320508075688754
439620698 1.7320508075688779 -1.7320508075688754
439619674 1.7320508075688779 -1.7320508075688754
439618650 1.7320508075688779 -1.7320508075688754
439617626 1.7320508075688779 -1.7320508075688754
439616602 1.7320508075688779 -1.7320508075688754
439878750 0.9656887748070747 -1.1917535925942087
439879774 0.9656887748070747 -1.1917535925942087
439880798 0.9656887748070747 -1.1917535925942087
439881822 0.9656887748070747 -1.1917535925942087
439882846 0.9656887748070747 -1.1917535925942087
439883870 0.9656887748070747 -1.1917535925942087
439884894 1.732050807568878 -1.1917535925942104
439885918 1.732050807568878 -1.1917535925942104
439886942 1.732050807568878 -1.1917535925942104
439887966 1.732050807568878 -1.1917535925942104
439888990 1.732050807568878 -1.1917535925942104
439890014 1.732050807568878 -1.1917535925942104
439627870 0.9656887748070747 -1.1917535925942087
439626846 0.9656887748070747 -1.1917535925942087
439625822 0.9656887748070747 -1.1917535925942087
439624798 0.9656887748070747 -1.1917535925942087
439623774 0.9656887748070747 -1.1917535925942087
439622750 0.9656887748070747 -1.1917535925942087
439621726 1.732050807568878 -1.1917535925942104
439620702 1.732050807568878 -1.1917535925942104
439619678 1.732050807568878 -1.1917535925942104
439618654 1.732050807568878 -1.1917535925942104
439617630 1.732050807568878 -1.1917535925942104
439616606 1.732050807568878 -1.1917535925942104
439878754 0.9656887748070723 -0.8390996311772795
439879778 0.9656887748070742 -0.8390996311772795
439880802 0.9656887748070742 -0.8390996311772795
439881826 0.9656887748070742 -0.8390996311772795
439882850 0.9656887748070742 -0.8390996311772795
439883874 0.9656887748070742 -0.8390996311772795
439884898 1.732050807568878 -0.8390996311772796
439885922 1.732050807568878 -0.8390996311772796
439886946 1.732050807568878 -0.8390996311772796
439887970 1.732050807568878 -0.8390996311772796
439888994 1.732050807568878 -0.8390996311772796
439890018 1.732050807568878 -0.8390996311772796
439627874 0.9656887748070723 -0.8390996311772795
439626850 0.9656887748070742 -0.8390996311772795
439625826 0.9656887748070742 -0.8390996311772795
439624802 0.9656887748070742 -0.8390996311772795
439623778 0.9656887748070742 -0.8390996311772795
439622754 0.9656887748070742 -0.8390996311772795
439621730 1.732050807568878 -0.8390996311772796
439620706 1.732050807568878 -0.8390996311772796
439619682 1.732050807568878 -0.8390996311772796
439618658 1.732050807568878 -0.8390996311772796
439617634 1.732050807568878 -0.8390996311772796
439616610 1.732050807568878 -0.8390996311772796
439878758 0.9656887748070752 -0.5773502691896252
439879782 0.9656887748070752 -0.5773502691896252
439880806 0.9656887748070752 -0.5773502691896252
439881830 0.9656887748070752 -0.5773502691896252
439882854 0.9656887748070752 -0.5773502691896252
439883878 0.9656887748070752 -0.5773502691896252
439884902 1.7320508075688772 -0.5773502691896255
439885926 1.7320508075688772 -0.5773502691896255
439886950 1.7320508075688772 -0.5773502691896255
439887974 1.7320508075688772 -0.5773502691896255
439888998 1.7320508075688772 -0.5773502691896255
439890022 1.7320508075688772 -0.5773502691896255
439627878 0.9656887748070752 -0.5773502691896252
439626854 0.9656887748070752 -0.5773502691896252
439625830 0.9656887748070752 -0.5773502691896252
439624806 0.9656887748070752 -0.5773502691896252
439623782 0.9656887748070752 -0.5773502691896252
439622758 0.9656887748070752 -0.5773502691896252
439621734 1.7320508075688772 -0.5773502691896255
439620710 1.7320508075688772 -0.5773502691896255
439619686 1.7320508075688772 -0.5773502691896255
439618662 1.7320508075688772 -0.5773502691896255
439617638 1.7320508075688772 -0.5773502691896255
439616614 1.7320508075688772 -0.5773502691896255
439878762 0.9656887748070749 -0.3639702342662025
439879786 0.9656887748070749 -0.3639702342662025
439880810 0.9656887748070749 -0.3639702342662025
439881834 0.9656887748070749 -0.3639702342662025
439882858 0.9656887748070749 -0.3639702342662025
439883882 0.9656887748070749 -0.3639702342662025
439884906 1.7320508075688743 -0.36397023426620234
439885930 1.7320508075688743 -0.36397023426620234
439886954 1.7320508075688743 -0.36397023426620234
439887978 1.7320508075688743 -0.36397023426620234
439889002 1.7320508075688743 -0.36397023426620234
439890026 1.7320508075688743 -0.36397023426620234
439627882 0.9656887748070749 -0.3639702342662025
439626858 0.9656887748070749 -0.3639702342662025
439625834 0.9656887748070749 -0.3639702342662025
439624810 0.9656887748070749 -0.3639702342662025
439623786 0.9656887748070749 -0.3639702342662025
439622762 0.9656887748070749 -0.3639702342662025
439621738 1.7320508075688743 -0.36397023426620234
439620714 1.7320508075688743 -0.36397023426620234
439619690 1.7320508075688743 -0.36397023426620234
439618666 1.7320508075688743 -0.36397023426620234
439617642 1.7320508075688743 -0.36397023426620234
439616618 1.7320508075688743 -0.36397023426620234
439878766 0.9656887748070743 -0.17632698070846506
439879790 0.9656887748070743 -0.17632698070846506
439880814 0.9656887748070743 -0.17632698070846506
439881838 0.9656887748070743 -0.17632698070846506
439882862 0.9656887748070743 -0.17632698070846506
439883886 0.9656887748070743 -0.17632698070846506
439884910 1.7320508075688792 -0.17632698070846464
439885934 1.7320508075688792 -0.17632698070846464
439886958 1.7320508075688792 -0.17632698070846464
439887982 1.7320508075688792 -0.17632698070846464
439889006 1.7320508075688792 -0.17632698070846464
439890030 1.7320508075688792 -0.17632698070846464
439627886 0.9656887748070743 -0.17632698070846506
439626862 0.9656887748070743 -0.17632698070846506
439625838 0.9656887748070743 -0.17632698070846506
439624814 0.9656887748070743 -0.17632698070846506
439623790 0.9656887748070743 -0.17632698070846506
439622766 0.9656887748070743 -0.17632698070846506
439621742 1.7320508075688792 -0.17632698070846464
439620718 1.7320508075688792 -0.17632698070846464
439619694 1.7320508075688792 -0.17632698070846464
439618670 1.7320508075688792 -0.17632698070846464
439617646 1.7320508075688792 -0.17632698070846464
439616622 1.7320508075688792 -0.17632698070846464
439878770 0.9656887748070724 -0.0
439879794 0.9656887748070743 -0.0
439880818 0.9656887748070743 -0.0
439881842 0.9656887748070743 -0.0
439882866 0.9656887748070743 -0.0
439883890 0.9656887748070743 -0.0
439884914 1.7320508075688763 -0.0
439885938 1.7320508075688763 -0.0
439886962 1.7320508075688763 -0.0
439887986 1.7320508075688763 -0.0
439889010 1.7320508075688763 -0.0
439890034 1.7320508075688763 -0.0
439627890 0.9656887748070724 0.0
439626866 0.9656887748070743 0.0
439625842 0.9656887748070743 0.0
439624818 0.9656887748070743 0.0
439623794 0.9656887748070743 0.0
439622770 0.9656887748070743 0.0
439621746 1.7320508075688763 0.0
439620722 1.7320508075688763 0.0
439619698 1.7320508075688763 0.0
439618674 1.7320508075688763 0.0
439617650 1.7320508075688763 0.0
439616626 1.7320508075688763 0.0
439878774 0.9656887748070723 0.17632698070846542
439879798 0.9656887748070723 0.17632698070846542
439880822 0.9656887748070723 0.17632698070846542
439881846 0.9656887748070723 0.17632698070846542
439882870 0.9656887748070723 0.17632698070846542
439883894 0.9656887748070723 0.17632698070846542
439884918 1.7320508075688763 0.17632698070846514
439885942 1.7320508075688763 0.17632698070846514
439886966 1.7320508075688763 0.17632698070846514
439887990 1.7320508075688763 0.17632698070846514
439889014 1.7320508075688763 0.17632698070846514
439890038 1.7320508075688763 0.17632698070846514
439627894 0.9656887748070723 0.17632698070846542
439626870 0.9656887748070723 0.17632698070846542
439625846 0.9656887748070723 0.17632698070846542
439624822 0.9656887748070723 0.17632698070846542
439623798 0.9656887748070723 0.17632698070846542
439622774 0.9656887748070723 0.17632698070846542
439621750 1.7320508075688763 0.17632698070846514
439620726 1.7320508075688763 0.17632698070846514
439619702 1.7320508075688763 0.17632698070846514
439618678 1.7320508075688763 0.17632698070846514
439617654 1.7320508075688763 0.17632698070846514
439616630 1.7320508075688763 0.17632698070846514
439878778 0.9656887748070748 0.36397023426620195
439879802 0.9656887748070748 0.36397023426620195
439880826 0.9656887748070748 0.36397023426620195
439881850 0.9656887748070748 0.36397023426620195
439882874 0.9656887748070748 0.36397023426620195
439883898 0.9656887748070748 0.36397023426620195
439884922 1.7320508075688796 0.3639702342662015
439885946 1.7320508075688796 0.3639702342662015
439886970 1.7320508075688796 0.3639702342662015
439887994 1.7320508075688796 0.3639702342662015
439889018 1.7320508075688796 0.3639702342662015
439890042 1.7320508075688796 0.3639702342662015
439627898 0.9656887748070748 0.36397023426620195
439626874 0.9656887748070748 0.36397023426620195
439625850 0.9656887748070748 0.36397023426620195
439624826 0.9656887748070748 0.36397023426620195
439623802 0.9656887748070748 0.36397023426620195
439622778 0.9656887748070748 0.36397023426620195
439621754 1.7320508075688796 0.3639702342662015
439620730 1.7320508075688796 0.3639702342662015
439619706 1.7320508075688796 0.3639702342662015
439618682 1.7320508075688796 0.3639702342662015
439617658 1.7320508075688796 0.3639702342662015
439616634 1.7320508075688796 0.3639702342662015
439878782 0.9656887748070757 0.5773502691896263
439879806 0.9656887748070757 0.5773502691896263
439880830 0.9656887748070757 0.5773502691896263
439881854 0.9656887748070757 0.5773502691896263
439882878 0.9656887748070757 0.5773502691896263
439883902 0.9656887748070757 0.5773502691896263
439884926 1.7320508075688779 0.5773502691896264
439885950 1.7320508075688779 0.5773502691896264
439886974 1.7320508075688779 0.5773502691896264
439887998 1.7320508075688779 0.5773502691896264
439889022 1.7320508075688779 0.5773502691896264
439890046 1.7320508075688779 0.5773502691896264
439627902 0.9656887748070757 0.5773502691896263
439626878 0.9656887748070757 0.5773502691896263
439625854 0.9656887748070757 0.5773502691896263
439624830 0.9656887748070757 0.5773502691896263
439623806 0.9656887748070757 0.5773502691896263
439622782 0.9656887748070757 0.5773502691896263
439621758 1.7320508075688779 0.5773502691896264
439620734 1.7320508075688779 0.5773502691896264
439619710 1.7320508075688779 0.5773502691896264
439618686 1.7320508075688779 0.5773502691896264
439617662 1.7320508075688779 0.5773502691896264
439616638 1.7320508075688779 0.5773502691896264
439878786 0.9656887748070769 0.8390996311772799
439879810 0.9656887748070769 0.8390996311772799
439880834 0.9656887748070769 0.8390996311772799
439881858 0.9656887748070769 0.8390996311772799
439882882 0.9656887748070769 0.8390996311772799
439883906 0.9656887748070769 0.8390996311772799
439884930 1.732050807568878 0.8390996311772796
439885954 1.732050807568878 0.8390996311772796
439886978 1.732050807568878 0.8390996311772796
439888002 1.732050807568878 0.8390996311772796
439889026 1.732050807568878 0.8390996311772796
439890050 1.732050807568878 0.8390996311772796
439627906 0.9656887748070769 0.8390996311772799
439626882 0.9656887748070769 0.8390996311772799
439625858 0.9656887748070769 0.8390996311772799
439624834 0.9656887748070769 0.8390996311772799
439623810 0.9656887748070769 0.8390996311772799
439622786 0.9656887748070769 0.8390996311772799
439621762 1.732050807568878 0.8390996311772796
439620738 1.732050807568878 0.8390996311772796
439619714 1.732050807568878 0.8390996311772796
439618690 1.732050807568878 0.8390996311772796
439617666 1.732050807568878 0.8390996311772796
439616642 1.732050807568878 0.8390996311772796
439878790 0.9656887748070754 1.1917535925942069
439879814 0.9656887748070754 1.1917535925942069
439880838 0.9656887748070754 1.1917535925942069
439881862 0.9656887748070754 1.1917535925942069
439882886 0.9656887748070754 1.1917535925942069
439883910 0.9656887748070754 1.1917535925942069
439884934 1.732050807568878 1.1917535925942104
439885958 1.732050807568878 1.1917535925942104
439886982 1.732050807568878 1.1917535925942104
439888006 1.732050807568878 1.1917535925942104
439889030 1.732050807568878 1.1917535925942104
439890054 1.732050807568878 1.1917535925942104
439627910 0.9656887748070754 1.1917535925942069
439626886 0.9656887748070754 1.1917535925942069
439625862 0.9656887748070754 1.1917535925942069
439624838 0.9656887748070754 1.1917535925942069
439623814 0.9656887748070754 1.1917535925942069
439622790 0.9656887748070754 1.1917535925942069
439621766 1.732050807568878 1.1917535925942104
439620742 1.732050807568878 1.1917535925942104
439619718 1.732050807568878 1.1917535925942104
439618694 1.732050807568878 1.1917535925942104
439617670 1.732050807568878 1.1917535925942104
439616646 1.732050807568878 1.1917535925942104
439878794 0.9656887748070757 1.7320508075688756
439879818 0.9656887748070757 1.7320508075688756
439880842 0.9656887748070757 1.7320508075688756
439881866 0.9656887748070757 1.7320508075688756
439882890 0.9656887748070757 1.7320508075688756
439883914 0.9656887748070757 1.7320508075688756
439884938 1.7320508075688763 1.732050807568881
439885962 1.7320508075688763 1.732050807568881
439886986 1.7320508075688763 1.732050807568881
439888010 1.7320508075688763 1.732050807568881
439889034 1.7320508075688763 1.732050807568881
439890058 1.7320508075688763 1.732050807568881
439627914 0.9656887748070757 1.7320508075688756
439626890 0.9656887748070757 1.7320508075688756
439625866 0.9656887748070757 1.7320508075688756
439624842 0.9656887748070757 1.7320508075688756
439623818 0.9656887748070757 1.7320508075688756
439622794 0.9656887748070757 1.7320508075688756
439621770 1.7320508075688763 1.732050807568881
439620746 1.7320508075688763 1.732050807568881
439619722 1.7320508075688763 1.732050807568881
439618698 1.7320508075688763 1.732050807568881
439617674 1.7320508075688763 1.732050807568881
439616650 1.7320508075688763 1.732050807568881
439878798 0.9656887748070749 2.747477419454621
439879822 0.965688774807073 2.747477419454621
439880846 0.9656887748070749 2.747477419454621
439881870 0.9656887748070749 2.747477419454621
439882894 0.9656887748070749 2.747477419454621
439883918 0.9656887748070749 2.747477419454621
439884942 1.7320508075688745 2.747477419454616
439885966 1.7320508075688745 2.747477419454616
439886990 1.7320508075688745 2.747477419454616
439888014 1.7320508075688745 2.747477419454616
439889038 1.7320508075688745 2.747477419454616
439890062 1.7320508075688745 2.747477419454616
439627918 0.9656887748070749 2.747477419454621
439626894 0.965688774807073 2.747477419454621
439625870 0.9656887748070749 2.747477419454621
439624846 0.9656887748070749 2.747477419454621
439623822 0.9656887748070749 2.747477419454621
439622798 0.9656887748070749 2.747477419454621
439621774 1.7320508075688745 2.747477419454616
439620750 1.7320508075688745 2.747477419454616
439619726 1.7320508075688745 2.747477419454616
439618702 1.7320508075688745 2.747477419454616
439617678 1.7320508075688745 2.747477419454616
439616654 1.7320508075688745 2.747477419454616
439878802 0.9656887748070743 5.6712818196177075
439879826 0.9656887748070743 5.6712818196177075
439880850 0.9656887748070743 5.6712818196177075
439881874 0.9656887748070743 5.6712818196177075
439882898 0.9656887748070743 5.6712818196177075
439883922 0.9656887748070743 5.6712818196177075
439884946 1.7320508075688767 5.6712818196176835
439885970 1.7320508075688767 5.6712818196176835
439886994 1.7320508075688767 5.6712818196176835
439888018 1.7320508075688767 5.6712818196176835
439889042 1.7320508075688767 5.6712818196176835
439890066 1.7320508075688767 5.6712818196176835
439627922 0.9656887748070743 5.6712818196177075
439626898 0.9656887748070743 5.6712818196177075
439625874 0.9656887748070743 5.6712818196177075
439624850 0.9656887748070743 5.6712818196177075
439623826 0.9656887748070743 5.6712818196177075
439622802 0.9656887748070743 5.6712818196177075
439621778 1.7320508075688767 5.6712818196176835
439620754 1.7320508075688767 5.6712818196176835
439619730 1.7320508075688767 5.6712818196176835
439618706 1.7320508075688767 5.6712818196176835
439617682 1.7320508075688767 5.6712818196176835
439616658 1.7320508075688767 5.6712818196176835
439878662 0.9656887748070743 123456789
439879686 0.9656887748070724 123456789
439880710 0.9656887748070743 123456789
439881734 0.9656887748070743 123456789
439882758 0.9656887748070743 123456789
439883782 0.9656887748070743 123456789
439884806 1.7320508075688763 123456789
439885830 1.7320508075688763 123456789
439886854 1.7320508075688763 123456789
439887878 1.7320508075688763 123456789
439888902 1.7320508075688763 123456789
439889926 1.7320508075688763 123456789
439627782 0.9656887748070743 123456789
439626758 0.9656887748070724 123456789
439625734 0.9656887748070743 123456789
439624710 0.9656887748070743 123456789
439623686 0.9656887748070743 123456789
439622662 0.9656887748070743 123456789
439621638 1.7320508075688763 123456789
439620614 1.7320508075688763 123456789
439619590 1.7320508075688763 123456789
439618566 1.7320508075688763 123456789
439617542 1.7320508075688763 123456789
439616518 1.7320508075688763 123456789
439878666 0.9656887748070763 -5.671281819617719
439879690 0.9656887748070763 -5.671281819617719
439880714 0.9656887748070763 -5.671281819617719
439881738 0.9656887748070763 -5.671281819617719
439882762 0.9656887748070763 -5.671281819617719
439883786 0.9656887748070763 -5.671281819617719
439884810 1.7320508075688736 -5.671281819617694
439885834 1.7320508075688736 -5.671281819617694
439886858 1.7320508075688736 -5.671281819617694
439887882 1.7320508075688736 -5.671281819617694
439888906 1.7320508075688736 -5.671281819617694
439889930 1.7320508075688736 -5.671281819617694
439627786 0.9656887748070763 -5.671281819617719
439626762 0.9656887748070763 -5.671281819617719
439625738 0.9656887748070763 -5.671281819617719
439624714 0.9656887748070763 -5.671281819617719
439623690 0.9656887748070763 -5.671281819617719
439622666 0.9656887748070763 -5.671281819617719
439621642 1.7320508075688736 -5.671281819617694
439620618 1.7320508075688736 -5.671281819617694
439619594 1.7320508075688736 -5.671281819617694
439618570 1.7320508075688736 -5.671281819617694
439617546 1.7320508075688736 -5.671281819617694
439616522 1.7320508075688736 -5.671281819617694
439878670 0.9656887748070766 -2.7474774194546314
439879694 0.9656887748070747 -2.7474774194546314
439880718 0.9656887748070766 -2.7474774194546314
439881742 0.9656887748070766 -2.7474774194546314
439882766 0.9656887748070766 -2.7474774194546314
439883790 0.9656887748070766 -2.7474774194546314
439884814 1.7320508075688743 -2.747477419454619
439885838 1.7320508075688743 -2.747477419454619
439886862 1.7320508075688743 -2.747477419454619
439887886 1.7320508075688743 -2.747477419454619
439888910 1.7320508075688743 -2.747477419454619
439889934 1.7320508075688743 -2.747477419454619
439627790 0.9656887748070766 -2.7474774194546314
439626766 0.9656887748070747 -2.7474774194546314
439625742 0.9656887748070766 -2.7474774194546314
439624718 0.9656887748070766 -2.7474774194546314
439623694 0.9656887748070766 -2.7474774194546314
439622670 0.9656887748070766 -2.7474774194546314
439621646 1.7320508075688743 -2.747477419454619
439620622 1.7320508075688743 -2.747477419454619
439619598 1.7320508075688743 -2.747477419454619
439618574 1.7320508075688743 -2.747477419454619
439617550 1.7320508075688743 -2.747477419454619
439616526 1.7320508075688743 -2.747477419454619
439878674 0.9656887748070737 -1.7320508075688756
439879698 0.9656887748070757 -1.7320508075688756
439880722 0.9656887748070757 -1.7320508075688756
439881746 0.9656887748070757 -1.7320508075688756
439882770 0.9656887748070757 -1.7320508075688756
439883794 0.9656887748070757 -1.7320508075688756
439884818 1.7320508075688779 -1.7320508075688754
439885842 1.7320508075688779 -1.7320508075688754
439886866 1.7320508075688779 -1.7320508075688754
439887890 1.7320508075688779 -1.7320508075688754
439888914 1.7320508075688779 -1.7320508075688754
439889938 1.7320508075688779 -1.7320508075688754
439627794 0.9656887748070737 -1.7320508075688756
439626770 0.9656887748070757 -1.7320508075688756
439625746 0.9656887748070757 -1.7320508075688756
439624722 0.9656887748070757 -1.7320508075688756
439623698 0.9656887748070757 -1.7320508075688756
439622674 0.9656887748070757 -1.7320508075688756
439621650 1.7320508075688779 -1.7320508075688754
439620626 1.7320508075688779 -1.7320508075688754
439619602 1.7320508075688779 -1.7320508075688754
439618578 1.7320508075688779 -1.7320508075688754
439617554 1.7320508075688779 -1.7320508075688754
439616530 1.7320508075688779 -1.7320508075688754
439878678 0.9656887748070747 -1.1917535925942087
439879702 0.9656887748070747 -1.1917535925942087
439880726 0.9656887748070747 -1.1917535925942087
439881750 0.9656887748070747 -1.1917535925942087
439882774 0.9656887748070747 -1.1917535925942087
439883798 0.9656887748070747 -1.1917535925942087
439884822 1.732050807568876 -1.191753592594208
439885846 1.732050807568876 -1.191753592594208
439886870 1.732050807568876 -1.191753592594208
439887894 1.732050807568876 -1.191753592594208
439888918 1.732050807568876 -1.191753592594208
439889942 1.732050807568876 -1.191753592594208
439627798 0.9656887748070747 -1.1917535925942087
439626774 0.9656887748070747 -1.1917535925942087
439625750 0.9656887748070747 -1.1917535925942087
439624726 0.9656887748070747 -1.1917535925942087
439623702 0.9656887748070747 -1.1917535925942087
439622678 0.9656887748070747 -1.1917535925942087
439621654 1.732050807568876 -1.191753592594208
439620630 1.732050807568876 -1.191753592594208
439619606 1.732050807568876 -1.191753592594208
439618582 1.732050807568876 -1.191753592594208
439617558 1.732050807568876 -1.191753592594208
439616534 1.732050807568876 -1.191753592594208
439878682 0.9656887748070723 -0.8390996311772795
439879706 0.9656887748070742 -0.8390996311772795
439880730 0.9656887748070742 -0.8390996311772795
439881754 0.9656887748070742 -0.8390996311772795
439882778 0.9656887748070742 -0.8390996311772795
439883802 0.9656887748070742 -0.8390996311772795
439884826 1.732050807568878 -0.8390996311772796
439885850 1.732050807568878 -0.8390996311772796
439886874 1.732050807568878 -0.8390996311772796
439887898 1.732050807568878 -0.8390996311772796
439888922 1.732050807568878 -0.8390996311772796
439889946 1.732050807568878 -0.8390996311772796
439627802 0.9656887748070723 -0.8390996311772795
439626778 0.9656887748070742 -0.8390996311772795
439625754 0.9656887748070742 -0.8390996311772795
439624730 0.9656887748070742 -0.8390996311772795
439623706 0.9656887748070742 -0.8390996311772795
439622682 0.9656887748070742 -0.8390996311772795
439621658 1.732050807568878 -0.8390996311772796
439620634 1.732050807568878 -0.8390996311772796
439619610 1.732050807568878 -0.8390996311772796
439618586 1.732050807568878 -0.8390996311772796
439617562 1.732050807568878 -0.8390996311772796
439616538 1.732050807568878 -0.8390996311772796
439878686 0.9656887748070752 -0.5773502691896252
439879710 0.9656887748070733 -0.5773502691896252
439880734 0.9656887748070752 -0.5773502691896252
439881758 0.9656887748070752 -0.5773502691896252
439882782 0.9656887748070752 -0.5773502691896252
439883806 0.9656887748070752 -0.5773502691896252
439884830 1.7320508075688779 -0.5773502691896264
439885854 1.7320508075688779 -0.5773502691896264
439886878 1.7320508075688779 -0.5773502691896264
439887902 1.7320508075688779 -0.5773502691896264
439888926 1.7320508075688779 -0.5773502691896264
439889950 1.7320508075688779 -0.5773502691896264
439627806 0.9656887748070752 -0.5773502691896252
439626782 0.9656887748070733 -0.5773502691896252
439625758 0.9656887748070752 -0.5773502691896252
439624734 0.9656887748070752 -0.5773502691896252
439623710 0.9656887748070752 -0.5773502691896252
439622686 0.9656887748070752 -0.5773502691896252
439621662 1.7320508075688779 -0.5773502691896264
439620638 1.7320508075688779 -0.5773502691896264
439619614 1.7320508075688779 -0.5773502691896264
439618590 1.7320508075688779 -0.5773502691896264
439617566 1.7320508075688779 -0.5773502691896264
439616542 1.7320508075688779 -0.5773502691896264
439878690 0.9656887748070728 -0.36397023426620223
439879714 0.9656887748070728 -0.36397023426620223
439880738 0.9656887748070728 -0.36397023426620223
439881762 0.9656887748070728 -0.36397023426620223
439882786 0.9656887748070728 -0.36397023426620223
439883810 0.9656887748070728 -0.36397023426620223
439884834 1.7320508075688799 -0.36397023426620195
439885858 1.7320508075688799 -0.36397023426620195
439886882 1.7320508075688799 -0.36397023426620195
439887906 1.7320508075688799 -0.36397023426620195
439888930 1.7320508075688799 -0.36397023426620195
439889954 1.7320508075688799 -0.36397023426620195
439627810 0.9656887748070728 -0.36397023426620223
439626786 0.9656887748070728 -0.36397023426620223
439625762 0.9656887748070728 -0.36397023426620223
439624738 0.9656887748070728 -0.36397023426620223
439623714 0.9656887748070728 -0.36397023426620223
439622690 0.9656887748070728 -0.36397023426620223
439621666 1.7320508075688799 -0.36397023426620195
439620642 1.7320508075688799 -0.36397023426620195
439619618 1.7320508075688799 -0.36397023426620195
439618594 1.7320508075688799 -0.36397023426620195
439617570 1.7320508075688799 -0.36397023426620195
439616546 1.7320508075688799 -0.36397023426620195
439878694 0.9656887748070743 -0.17632698070846506
439879718 0.9656887748070743 -0.17632698070846506
439880742 0.9656887748070743 -0.17632698070846506
439881766 0.9656887748070743 -0.17632698070846506
439882790 0.9656887748070743 -0.17632698070846506
439883814 0.9656887748070743 -0.17632698070846506
439884838 1.7320508075688792 -0.17632698070846464
439885862 1.7320508075688792 -0.17632698070846464
439886886 1.7320508075688792 -0.17632698070846464
439887910 1.7320508075688792 -0.17632698070846464
439888934 1.7320508075688792 -0.17632698070846464
439889958 1.7320508075688792 -0.17632698070846464
439627814 0.9656887748070743 -0.17632698070846506
439626790 0.9656887748070743 -0.17632698070846506
439625766 0.9656887748070743 -0.17632698070846506
439624742 0.9656887748070743 -0.17632698070846506
439623718 0.9656887748070743 -0.17632698070846506
439622694 0.9656887748070743 -0.17632698070846506
439621670 1.7320508075688792 -0.17632698070846464
439620646 1.7320508075688792 -0.17632698070846464
439619622 1.7320508075688792 -0.17632698070846464
439618598 1.7320508075688792 -0.17632698070846464
439617574 1.7320508075688792 -0.17632698070846464
439616550 1.7320508075688792 -0.17632698070846464
